19960101 0
19960102 1
19960103 2
19960104 3
19960105 4
19960106 5
19960107 6
19960108 7
19960109 8
19960110 9
19960111 10
19960112 11
19960113 12
19960114 13
19960115 14
19960116 15
19960117 16
19960118 17
19960119 18
19960120 19
19960121 20
19960122 21
19960123 22
19960124 23
19960125 24
19960126 25
19960127 26
19960128 27
19960129 28
19960130 29
19960131 30
19960201 31
19960202 32
19960203 33
19960204 34
19960205 35
19960206 36
19960207 37
19960208 38
19960209 39
19960210 40
19960211 41
19960212 42
19960213 43
19960214 44
19960215 45
19960216 46
19960217 47
19960218 48
19960219 49
19960220 50
19960221 51
19960222 52
19960223 53
19960224 54
19960225 55
19960226 56
19960227 57
19960228 58
19960229 59
19960301 60
19960302 61
19960303 62
19960304 63
19960305 64
19960306 65
19960307 66
19960308 67
19960309 68
19960310 69
19960311 70
19960312 71
19960313 72
19960314 73
19960315 74
19960316 75
19960317 76
19960318 77
19960319 78
19960320 79
19960321 80
19960322 81
19960323 82
19960324 83
19960325 84
19960326 85
19960327 86
19960328 87
19960329 88
19960330 89
19960331 90
19960401 91
19960402 92
19960403 93
19960404 94
19960405 95
19960406 96
19960407 97
19960408 98
19960409 99
19960410 100
19960411 101
19960412 102
19960413 103
19960414 104
19960415 105
19960416 106
19960417 107
19960418 108
19960419 109
19960420 110
19960421 111
19960422 112
19960423 113
19960424 114
19960425 115
19960426 116
19960427 117
19960428 118
19960429 119
19960430 120
19960501 121
19960502 122
19960503 123
19960504 124
19960505 125
19960506 126
19960507 127
19960508 128
19960509 129
19960510 130
19960511 131
19960512 132
19960513 133
19960514 134
19960515 135
19960516 136
19960517 137
19960518 138
19960519 139
19960520 140
19960521 141
19960522 142
19960523 143
19960524 144
19960525 145
19960526 146
19960527 147
19960528 148
19960529 149
19960530 150
19960531 151
19960601 152
19960602 153
19960603 154
19960604 155
19960605 156
19960606 157
19960607 158
19960608 159
19960609 160
19960610 161
19960611 162
19960612 163
19960613 164
19960614 165
19960615 166
19960616 167
19960617 168
19960618 169
19960619 170
19960620 171
19960621 172
19960622 173
19960623 174
19960624 175
19960625 176
19960626 177
19960627 178
19960628 179
19960629 180
19960630 181
19960701 182
19960702 183
19960703 184
19960704 185
19960705 186
19960706 187
19960707 188
19960708 189
19960709 190
19960710 191
19960711 192
19960712 193
19960713 194
19960714 195
19960715 196
19960716 197
19960717 198
19960718 199
19960719 200
19960720 201
19960721 202
19960722 203
19960723 204
19960724 205
19960725 206
19960726 207
19960727 208
19960728 209
19960729 210
19960730 211
19960731 212
19960801 213
19960802 214
19960803 215
19960804 216
19960805 217
19960806 218
19960807 219
19960808 220
19960809 221
19960810 222
19960811 223
19960812 224
19960813 225
19960814 226
19960815 227
19960816 228
19960817 229
19960818 230
19960819 231
19960820 232
19960821 233
19960822 234
19960823 235
19960824 236
19960825 237
19960826 238
19960827 239
19960828 240
19960829 241
19960830 242
19960831 243
19960901 244
19960902 245
19960903 246
19960904 247
19960905 248
19960906 249
19960907 250
19960908 251
19960909 252
19960910 253
19960911 254
19960912 255
19960913 256
19960914 257
19960915 258
19960916 259
19960917 260
19960918 261
19960919 262
19960920 263
19960921 264
19960922 265
19960923 266
19960924 267
19960925 268
19960926 269
19960927 270
19960928 271
19960929 272
19960930 273
19961001 274
19961002 275
19961003 276
19961004 277
19961005 278
19961006 279
19961007 280
19961008 281
19961009 282
19961010 283
19961011 284
19961012 285
19961013 286
19961014 287
19961015 288
19961016 289
19961017 290
19961018 291
19961019 292
19961020 293
19961021 294
19961022 295
19961023 296
19961024 297
19961025 298
19961026 299
19961027 300
19961028 301
19961029 302
19961030 303
19961031 304
19961101 305
19961102 306
19961103 307
19961104 308
19961105 309
19961106 310
19961107 311
19961108 312
19961109 313
19961110 314
19961111 315
19961112 316
19961113 317
19961114 318
19961115 319
19961116 320
19961117 321
19961118 322
19961119 323
19961120 324
19961121 325
19961122 326
19961123 327
19961124 328
19961125 329
19961126 330
19961127 331
19961128 332
19961129 333
19961130 334
19961201 335
19961202 336
19961203 337
19961204 338
19961205 339
19961206 340
19961207 341
19961208 342
19961209 343
19961210 344
19961211 345
19961212 346
19961213 347
19961214 348
19961215 349
19961216 350
19961217 351
19961218 352
19961219 353
19961220 354
19961221 355
19961222 356
19961223 357
19961224 358
19961225 359
19961226 360
19961227 361
19961228 362
19961229 363
19961230 364
19961231 365
19970101 366
19970102 367
19970103 368
19970104 369
19970105 370
19970106 371
19970107 372
19970108 373
19970109 374
19970110 375
19970111 376
19970112 377
19970113 378
19970114 379
19970115 380
19970116 381
19970117 382
19970118 383
19970119 384
19970120 385
19970121 386
19970122 387
19970123 388
19970124 389
19970125 390
19970126 391
19970127 392
19970128 393
19970129 394
19970130 395
19970131 396
19970201 397
19970202 398
19970203 399
19970204 400
19970205 401
19970206 402
19970207 403
19970208 404
19970209 405
19970210 406
19970211 407
19970212 408
19970213 409
19970214 410
19970215 411
19970216 412
19970217 413
19970218 414
19970219 415
19970220 416
19970221 417
19970222 418
19970223 419
19970224 420
19970225 421
19970226 422
19970227 423
19970228 424
19970301 425
19970302 426
19970303 427
19970304 428
19970305 429
19970306 430
19970307 431
19970308 432
19970309 433
19970310 434
19970311 435
19970312 436
19970313 437
19970314 438
19970315 439
19970316 440
19970317 441
19970318 442
19970319 443
19970320 444
19970321 445
19970322 446
19970323 447
19970324 448
19970325 449
19970326 450
19970327 451
19970328 452
19970329 453
19970330 454
19970331 455
19970401 456
19970402 457
19970403 458
19970404 459
19970405 460
19970406 461
19970407 462
19970408 463
19970409 464
19970410 465
19970411 466
19970412 467
19970413 468
19970414 469
19970415 470
19970416 471
19970417 472
19970418 473
19970419 474
19970420 475
19970421 476
19970422 477
19970423 478
19970424 479
19970425 480
19970426 481
19970427 482
19970428 483
19970429 484
19970430 485
19970501 486
19970502 487
19970503 488
19970504 489
19970505 490
19970506 491
19970507 492
19970508 493
19970509 494
19970510 495
19970511 496
19970512 497
19970513 498
19970514 499
19970515 500
19970516 501
19970517 502
19970518 503
19970519 504
19970520 505
19970521 506
19970522 507
19970523 508
19970524 509
19970525 510
19970526 511
19970527 512
19970528 513
19970529 514
19970530 515
19970531 516
19970601 517
19970602 518
19970603 519
19970604 520
19970605 521
19970606 522
19970607 523
19970608 524
19970609 525
19970610 526
19970611 527
19970612 528
19970613 529
19970614 530
19970615 531
19970616 532
19970617 533
19970618 534
19970619 535
19970620 536
19970621 537
19970622 538
19970623 539
19970624 540
19970625 541
19970626 542
19970627 543
19970628 544
19970629 545
19970630 546
19970701 547
19970702 548
19970703 549
19970704 550
19970705 551
19970706 552
19970707 553
19970708 554
19970709 555
19970710 556
19970711 557
19970712 558
19970713 559
19970714 560
19970715 561
19970716 562
19970717 563
19970718 564
19970719 565
19970720 566
19970721 567
19970722 568
19970723 569
19970724 570
19970725 571
19970726 572
19970727 573
19970728 574
19970729 575
19970730 576
19970731 577
19970801 578
19970802 579
19970803 580
19970804 581
19970805 582
19970806 583
19970807 584
19970808 585
19970809 586
19970810 587
19970811 588
19970812 589
19970813 590
19970814 591
19970815 592
19970816 593
19970817 594
19970818 595
19970819 596
19970820 597
19970821 598
19970822 599
19970823 600
19970824 601
19970825 602
19970826 603
19970827 604
19970828 605
19970829 606
19970830 607
19970831 608
19970901 609
19970902 610
19970903 611
19970904 612
19970905 613
19970906 614
19970907 615
19970908 616
19970909 617
19970910 618
19970911 619
19970912 620
19970913 621
19970914 622
19970915 623
19970916 624
19970917 625
19970918 626
19970919 627
19970920 628
19970921 629
19970922 630
19970923 631
19970924 632
19970925 633
19970926 634
19970927 635
19970928 636
19970929 637
19970930 638
19971001 639
19971002 640
19971003 641
19971004 642
19971005 643
19971006 644
19971007 645
19971008 646
19971009 647
19971010 648
19971011 649
19971012 650
19971013 651
19971014 652
19971015 653
19971016 654
19971017 655
19971018 656
19971019 657
19971020 658
19971021 659
19971022 660
19971023 661
19971024 662
19971025 663
19971026 664
19971027 665
19971028 666
19971029 667
19971030 668
19971031 669
19971101 670
19971102 671
19971103 672
19971104 673
19971105 674
19971106 675
19971107 676
19971108 677
19971109 678
19971110 679
19971111 680
19971112 681
19971113 682
19971114 683
19971115 684
19971116 685
19971117 686
19971118 687
19971119 688
19971120 689
19971121 690
19971122 691
19971123 692
19971124 693
19971125 694
19971126 695
19971127 696
19971128 697
19971129 698
19971130 699
19971201 700
19971202 701
19971203 702
19971204 703
19971205 704
19971206 705
19971207 706
19971208 707
19971209 708
19971210 709
19971211 710
19971212 711
19971213 712
19971214 713
19971215 714
19971216 715
19971217 716
19971218 717
19971219 718
19971220 719
19971221 720
19971222 721
19971223 722
19971224 723
19971225 724
19971226 725
19971227 726
19971228 727
19971229 728
19971230 729
19971231 730
19980101 731
19980102 732
19980103 733
19980104 734
19980105 735
19980106 736
19980107 737
19980108 738
19980109 739
19980110 740
19980111 741
19980112 742
19980113 743
19980114 744
19980115 745
19980116 746
19980117 747
19980118 748
19980119 749
19980120 750
19980121 751
19980122 752
19980123 753
19980124 754
19980125 755
19980126 756
19980127 757
19980128 758
19980129 759
19980130 760
19980131 761
19980201 762
19980202 763
19980203 764
19980204 765
19980205 766
19980206 767
19980207 768
19980208 769
19980209 770
19980210 771
19980211 772
19980212 773
19980213 774
19980214 775
19980215 776
19980216 777
19980217 778
19980218 779
19980219 780
19980220 781
19980221 782
19980222 783
19980223 784
19980224 785
19980225 786
19980226 787
19980227 788
19980228 789
19980301 790
19980302 791
19980303 792
19980304 793
19980305 794
19980306 795
19980307 796
19980308 797
19980309 798
19980310 799
19980311 800
19980312 801
19980313 802
19980314 803
19980315 804
19980316 805
19980317 806
19980318 807
19980319 808
19980320 809
19980321 810
19980322 811
19980323 812
19980324 813
19980325 814
19980326 815
19980327 816
19980328 817
19980329 818
19980330 819
19980331 820
19980401 821
19980402 822
19980403 823
19980404 824
19980405 825
19980406 826
19980407 827
19980408 828
19980409 829
19980410 830
19980411 831
19980412 832
19980413 833
19980414 834
19980415 835
19980416 836
19980417 837
19980418 838
19980419 839
19980420 840
19980421 841
19980422 842
19980423 843
19980424 844
19980425 845
19980426 846
19980427 847
19980428 848
19980429 849
19980430 850
19980501 851
19980502 852
19980503 853
19980504 854
19980505 855
19980506 856
19980507 857
19980508 858
19980509 859
19980510 860
19980511 861
19980512 862
19980513 863
19980514 864
19980515 865
19980516 866
19980517 867
19980518 868
19980519 869
19980520 870
19980521 871
19980522 872
19980523 873
19980524 874
19980525 875
19980526 876
19980527 877
19980528 878
19980529 879
19980530 880
19980531 881
19980601 882
19980602 883
19980603 884
19980604 885
19980605 886
19980606 887
19980607 888
19980608 889
19980609 890
19980610 891
19980611 892
19980612 893
19980613 894
19980614 895
19980615 896
19980616 897
19980617 898
19980618 899
19980619 900
19980620 901
19980621 902
19980622 903
19980623 904
19980624 905
19980625 906
19980626 907
19980627 908
19980628 909
19980629 910
19980630 911
19980701 912
19980702 913
19980703 914
19980704 915
19980705 916
19980706 917
19980707 918
19980708 919
19980709 920
19980710 921
19980711 922
19980712 923
19980713 924
19980714 925
19980715 926
19980716 927
19980717 928
19980718 929
19980719 930
19980720 931
19980721 932
19980722 933
19980723 934
19980724 935
19980725 936
19980726 937
19980727 938
19980728 939
19980729 940
19980730 941
19980731 942
19980801 943
19980802 944
19980803 945
19980804 946
19980805 947
19980806 948
19980807 949
19980808 950
19980809 951
19980810 952
19980811 953
19980812 954
19980813 955
19980814 956
19980815 957
19980816 958
19980817 959
19980818 960
19980819 961
19980820 962
19980821 963
19980822 964
19980823 965
19980824 966
19980825 967
19980826 968
19980827 969
19980828 970
19980829 971
19980830 972
19980831 973
19980901 974
19980902 975
19980903 976
19980904 977
19980905 978
19980906 979
19980907 980
19980908 981
19980909 982
19980910 983
19980911 984
19980912 985
19980913 986
19980914 987
19980915 988
19980916 989
19980917 990
19980918 991
19980919 992
19980920 993
19980921 994
19980922 995
19980923 996
19980924 997
19980925 998
19980926 999
19980927 1000
19980928 1001
19980929 1002
19980930 1003
19981001 1004
19981002 1005
19981003 1006
19981004 1007
19981005 1008
19981006 1009
19981007 1010
19981008 1011
19981009 1012
19981010 1013
19981011 1014
19981012 1015
19981013 1016
19981014 1017
19981015 1018
19981016 1019
19981017 1020
19981018 1021
19981019 1022
19981020 1023
19981021 1024
19981022 1025
19981023 1026
19981024 1027
19981025 1028
19981026 1029
19981027 1030
19981028 1031
19981029 1032
19981030 1033
19981031 1034
19981101 1035
19981102 1036
19981103 1037
19981104 1038
19981105 1039
19981106 1040
19981107 1041
19981108 1042
19981109 1043
19981110 1044
19981111 1045
19981112 1046
19981113 1047
19981114 1048
19981115 1049
19981116 1050
19981117 1051
19981118 1052
19981119 1053
19981120 1054
19981121 1055
19981122 1056
19981123 1057
19981124 1058
19981125 1059
19981126 1060
19981127 1061
19981128 1062
19981129 1063
19981130 1064
19981201 1065
19981202 1066
19981203 1067
19981204 1068
19981205 1069
19981206 1070
19981207 1071
19981208 1072
19981209 1073
19981210 1074
19981211 1075
19981212 1076
19981213 1077
19981214 1078
19981215 1079
19981216 1080
19981217 1081
19981218 1082
19981219 1083
19981220 1084
19981221 1085
19981222 1086
19981223 1087
19981224 1088
19981225 1089
19981226 1090
19981227 1091
19981228 1092
19981229 1093
19981230 1094
19981231 1095
19990101 1096
19990102 1097
19990103 1098
19990104 1099
19990105 1100
19990106 1101
19990107 1102
19990108 1103
19990109 1104
19990110 1105
19990111 1106
19990112 1107
19990113 1108
19990114 1109
19990115 1110
19990116 1111
19990117 1112
19990118 1113
19990119 1114
19990120 1115
19990121 1116
19990122 1117
19990123 1118
19990124 1119
19990125 1120
19990126 1121
19990127 1122
19990128 1123
19990129 1124
19990130 1125
19990131 1126
19990201 1127
19990202 1128
19990203 1129
19990204 1130
19990205 1131
19990206 1132
19990207 1133
19990208 1134
19990209 1135
19990210 1136
19990211 1137
19990212 1138
19990213 1139
19990214 1140
19990215 1141
19990216 1142
19990217 1143
19990218 1144
19990219 1145
19990220 1146
19990221 1147
19990222 1148
19990223 1149
19990224 1150
19990225 1151
19990226 1152
19990227 1153
19990228 1154
19990301 1155
19990302 1156
19990303 1157
19990304 1158
19990305 1159
19990306 1160
19990307 1161
19990308 1162
19990309 1163
19990310 1164
19990311 1165
19990312 1166
19990313 1167
19990314 1168
19990315 1169
19990316 1170
19990317 1171
19990318 1172
19990319 1173
19990320 1174
19990321 1175
19990322 1176
19990323 1177
19990324 1178
19990325 1179
19990326 1180
19990327 1181
19990328 1182
19990329 1183
19990330 1184
19990331 1185
19990401 1186
19990402 1187
19990403 1188
19990404 1189
19990405 1190
19990406 1191
19990407 1192
19990408 1193
19990409 1194
19990410 1195
19990411 1196
19990412 1197
19990413 1198
19990414 1199
19990415 1200
19990416 1201
19990417 1202
19990418 1203
19990419 1204
19990420 1205
19990421 1206
19990422 1207
19990423 1208
19990424 1209
19990425 1210
19990426 1211
19990427 1212
19990428 1213
19990429 1214
19990430 1215
19990501 1216
19990502 1217
19990503 1218
19990504 1219
19990505 1220
19990506 1221
19990507 1222
19990508 1223
19990509 1224
19990510 1225
19990511 1226
19990512 1227
19990513 1228
19990514 1229
19990515 1230
19990516 1231
19990517 1232
19990518 1233
19990519 1234
19990520 1235
19990521 1236
19990522 1237
19990523 1238
19990524 1239
19990525 1240
19990526 1241
19990527 1242
19990528 1243
19990529 1244
19990530 1245
19990531 1246
19990601 1247
19990602 1248
19990603 1249
19990604 1250
19990605 1251
19990606 1252
19990607 1253
19990608 1254
19990609 1255
19990610 1256
19990611 1257
19990612 1258
19990613 1259
19990614 1260
19990615 1261
19990616 1262
19990617 1263
19990618 1264
19990619 1265
19990620 1266
19990621 1267
19990622 1268
19990623 1269
19990624 1270
19990625 1271
19990626 1272
19990627 1273
19990628 1274
19990629 1275
19990630 1276
19990701 1277
19990702 1278
19990703 1279
19990704 1280
19990705 1281
19990706 1282
19990707 1283
19990708 1284
19990709 1285
19990710 1286
19990711 1287
19990712 1288
19990713 1289
19990714 1290
19990715 1291
19990716 1292
19990717 1293
19990718 1294
19990719 1295
19990720 1296
19990721 1297
19990722 1298
19990723 1299
19990724 1300
19990725 1301
19990726 1302
19990727 1303
19990728 1304
19990729 1305
19990730 1306
19990731 1307
19990801 1308
19990802 1309
19990803 1310
19990804 1311
19990805 1312
19990806 1313
19990807 1314
19990808 1315
19990809 1316
19990810 1317
19990811 1318
19990812 1319
19990813 1320
19990814 1321
19990815 1322
19990816 1323
19990817 1324
19990818 1325
19990819 1326
19990820 1327
19990821 1328
19990822 1329
19990823 1330
19990824 1331
19990825 1332
19990826 1333
19990827 1334
19990828 1335
19990829 1336
19990830 1337
19990831 1338
19990901 1339
19990902 1340
19990903 1341
19990904 1342
19990905 1343
19990906 1344
19990907 1345
19990908 1346
19990909 1347
19990910 1348
19990911 1349
19990912 1350
19990913 1351
19990914 1352
19990915 1353
19990916 1354
19990917 1355
19990918 1356
19990919 1357
19990920 1358
19990921 1359
19990922 1360
19990923 1361
19990924 1362
19990925 1363
19990926 1364
19990927 1365
19990928 1366
19990929 1367
19990930 1368
19991001 1369
19991002 1370
19991003 1371
19991004 1372
19991005 1373
19991006 1374
19991007 1375
19991008 1376
19991009 1377
19991010 1378
19991011 1379
19991012 1380
19991013 1381
19991014 1382
19991015 1383
19991016 1384
19991017 1385
19991018 1386
19991019 1387
19991020 1388
19991021 1389
19991022 1390
19991023 1391
19991024 1392
19991025 1393
19991026 1394
19991027 1395
19991028 1396
19991029 1397
19991030 1398
19991031 1399
19991101 1400
19991102 1401
19991103 1402
19991104 1403
19991105 1404
19991106 1405
19991107 1406
19991108 1407
19991109 1408
19991110 1409
19991111 1410
19991112 1411
19991113 1412
19991114 1413
19991115 1414
19991116 1415
19991117 1416
19991118 1417
19991119 1418
19991120 1419
19991121 1420
19991122 1421
19991123 1422
19991124 1423
19991125 1424
19991126 1425
19991127 1426
19991128 1427
19991129 1428
19991130 1429
19991201 1430
19991202 1431
19991203 1432
19991204 1433
19991205 1434
19991206 1435
19991207 1436
19991208 1437
19991209 1438
19991210 1439
19991211 1440
19991212 1441
19991213 1442
19991214 1443
19991215 1444
19991216 1445
19991217 1446
19991218 1447
19991219 1448
19991220 1449
19991221 1450
19991222 1451
19991223 1452
19991224 1453
19991225 1454
19991226 1455
19991227 1456
19991228 1457
19991229 1458
19991230 1459
19991231 1460
20000101 1461
20000102 1462
20000103 1463
20000104 1464
20000105 1465
20000106 1466
20000107 1467
20000108 1468
20000109 1469
20000110 1470
20000111 1471
20000112 1472
20000113 1473
20000114 1474
20000115 1475
20000116 1476
20000117 1477
20000118 1478
20000119 1479
20000120 1480
20000121 1481
20000122 1482
20000123 1483
20000124 1484
20000125 1485
20000126 1486
20000127 1487
20000128 1488
20000129 1489
20000130 1490
20000131 1491
20000201 1492
20000202 1493
20000203 1494
20000204 1495
20000205 1496
20000206 1497
20000207 1498
20000208 1499
20000209 1500
20000210 1501
20000211 1502
20000212 1503
20000213 1504
20000214 1505
20000215 1506
20000216 1507
20000217 1508
20000218 1509
20000219 1510
20000220 1511
20000221 1512
20000222 1513
20000223 1514
20000224 1515
20000225 1516
20000226 1517
20000227 1518
20000228 1519
20000229 1520
20000301 1521
20000302 1522
20000303 1523
20000304 1524
20000305 1525
20000306 1526
20000307 1527
20000308 1528
20000309 1529
20000310 1530
20000311 1531
20000312 1532
20000313 1533
20000314 1534
20000315 1535
20000316 1536
20000317 1537
20000318 1538
20000319 1539
20000320 1540
20000321 1541
20000322 1542
20000323 1543
20000324 1544
20000325 1545
20000326 1546
20000327 1547
20000328 1548
20000329 1549
20000330 1550
20000331 1551
20000401 1552
20000402 1553
20000403 1554
20000404 1555
20000405 1556
20000406 1557
20000407 1558
20000408 1559
20000409 1560
20000410 1561
20000411 1562
20000412 1563
20000413 1564
20000414 1565
20000415 1566
20000416 1567
20000417 1568
20000418 1569
20000419 1570
20000420 1571
20000421 1572
20000422 1573
20000423 1574
20000424 1575
20000425 1576
20000426 1577
20000427 1578
20000428 1579
20000429 1580
20000430 1581
20000501 1582
20000502 1583
20000503 1584
20000504 1585
20000505 1586
20000506 1587
20000507 1588
20000508 1589
20000509 1590
20000510 1591
20000511 1592
20000512 1593
20000513 1594
20000514 1595
20000515 1596
20000516 1597
20000517 1598
20000518 1599
20000519 1600
20000520 1601
20000521 1602
20000522 1603
20000523 1604
20000524 1605
20000525 1606
20000526 1607
20000527 1608
20000528 1609
20000529 1610
20000530 1611
20000531 1612
20000601 1613
20000602 1614
20000603 1615
20000604 1616
20000605 1617
20000606 1618
20000607 1619
20000608 1620
20000609 1621
20000610 1622
20000611 1623
20000612 1624
20000613 1625
20000614 1626
20000615 1627
20000616 1628
20000617 1629
20000618 1630
20000619 1631
20000620 1632
20000621 1633
20000622 1634
20000623 1635
20000624 1636
20000625 1637
20000626 1638
20000627 1639
20000628 1640
20000629 1641
20000630 1642
20000701 1643
20000702 1644
20000703 1645
20000704 1646
20000705 1647
20000706 1648
20000707 1649
20000708 1650
20000709 1651
20000710 1652
20000711 1653
20000712 1654
20000713 1655
20000714 1656
20000715 1657
20000716 1658
20000717 1659
20000718 1660
20000719 1661
20000720 1662
20000721 1663
20000722 1664
20000723 1665
20000724 1666
20000725 1667
20000726 1668
20000727 1669
20000728 1670
20000729 1671
20000730 1672
20000731 1673
20000801 1674
20000802 1675
20000803 1676
20000804 1677
20000805 1678
20000806 1679
20000807 1680
20000808 1681
20000809 1682
20000810 1683
20000811 1684
20000812 1685
20000813 1686
20000814 1687
20000815 1688
20000816 1689
20000817 1690
20000818 1691
20000819 1692
20000820 1693
20000821 1694
20000822 1695
20000823 1696
20000824 1697
20000825 1698
20000826 1699
20000827 1700
20000828 1701
20000829 1702
20000830 1703
20000831 1704
20000901 1705
20000902 1706
20000903 1707
20000904 1708
20000905 1709
20000906 1710
20000907 1711
20000908 1712
20000909 1713
20000910 1714
20000911 1715
20000912 1716
20000913 1717
20000914 1718
20000915 1719
20000916 1720
20000917 1721
20000918 1722
20000919 1723
20000920 1724
20000921 1725
20000922 1726
20000923 1727
20000924 1728
20000925 1729
20000926 1730
20000927 1731
20000928 1732
20000929 1733
20000930 1734
20001001 1735
20001002 1736
20001003 1737
20001004 1738
20001005 1739
20001006 1740
20001007 1741
20001008 1742
20001009 1743
20001010 1744
20001011 1745
20001012 1746
20001013 1747
20001014 1748
20001015 1749
20001016 1750
20001017 1751
20001018 1752
20001019 1753
20001020 1754
20001021 1755
20001022 1756
20001023 1757
20001024 1758
20001025 1759
20001026 1760
20001027 1761
20001028 1762
20001029 1763
20001030 1764
20001031 1765
20001101 1766
20001102 1767
20001103 1768
20001104 1769
20001105 1770
20001106 1771
20001107 1772
20001108 1773
20001109 1774
20001110 1775
20001111 1776
20001112 1777
20001113 1778
20001114 1779
20001115 1780
20001116 1781
20001117 1782
20001118 1783
20001119 1784
20001120 1785
20001121 1786
20001122 1787
20001123 1788
20001124 1789
20001125 1790
20001126 1791
20001127 1792
20001128 1793
20001129 1794
20001130 1795
20001201 1796
20001202 1797
20001203 1798
20001204 1799
20001205 1800
20001206 1801
20001207 1802
20001208 1803
20001209 1804
20001210 1805
20001211 1806
20001212 1807
20001213 1808
20001214 1809
20001215 1810
20001216 1811
20001217 1812
20001218 1813
20001219 1814
20001220 1815
20001221 1816
20001222 1817
20001223 1818
20001224 1819
20001225 1820
20001226 1821
20001227 1822
20001228 1823
20001229 1824
20001230 1825
20001231 1826
20010101 1827
20010102 1828
20010103 1829
20010104 1830
20010105 1831
20010106 1832
20010107 1833
20010108 1834
20010109 1835
20010110 1836
20010111 1837
20010112 1838
20010113 1839
20010114 1840
20010115 1841
20010116 1842
20010117 1843
20010118 1844
20010119 1845
20010120 1846
20010121 1847
20010122 1848
20010123 1849
20010124 1850
20010125 1851
20010126 1852
20010127 1853
20010128 1854
20010129 1855
20010130 1856
20010131 1857
20010201 1858
20010202 1859
20010203 1860
20010204 1861
20010205 1862
20010206 1863
20010207 1864
20010208 1865
20010209 1866
20010210 1867
20010211 1868
20010212 1869
20010213 1870
20010214 1871
20010215 1872
20010216 1873
20010217 1874
20010218 1875
20010219 1876
20010220 1877
20010221 1878
20010222 1879
20010223 1880
20010224 1881
20010225 1882
20010226 1883
20010227 1884
20010228 1885
20010301 1886
20010302 1887
20010303 1888
20010304 1889
20010305 1890
20010306 1891
20010307 1892
20010308 1893
20010309 1894
20010310 1895
20010311 1896
20010312 1897
20010313 1898
20010314 1899
20010315 1900
20010316 1901
20010317 1902
20010318 1903
20010319 1904
20010320 1905
20010321 1906
20010322 1907
20010323 1908
20010324 1909
20010325 1910
20010326 1911
20010327 1912
20010328 1913
20010329 1914
20010330 1915
20010331 1916
20010401 1917
20010402 1918
20010403 1919
20010404 1920
20010405 1921
20010406 1922
20010407 1923
20010408 1924
20010409 1925
20010410 1926
20010411 1927
20010412 1928
20010413 1929
20010414 1930
20010415 1931
20010416 1932
20010417 1933
20010418 1934
20010419 1935
20010420 1936
20010421 1937
20010422 1938
20010423 1939
20010424 1940
20010425 1941
20010426 1942
20010427 1943
20010428 1944
20010429 1945
20010430 1946
20010501 1947
20010502 1948
20010503 1949
20010504 1950
20010505 1951
20010506 1952
20010507 1953
20010508 1954
20010509 1955
20010510 1956
20010511 1957
20010512 1958
20010513 1959
20010514 1960
20010515 1961
20010516 1962
20010517 1963
20010518 1964
20010519 1965
20010520 1966
20010521 1967
20010522 1968
20010523 1969
20010524 1970
20010525 1971
20010526 1972
20010527 1973
20010528 1974
20010529 1975
20010530 1976
20010531 1977
20010601 1978
20010602 1979
20010603 1980
20010604 1981
20010605 1982
20010606 1983
20010607 1984
20010608 1985
20010609 1986
20010610 1987
20010611 1988
20010612 1989
20010613 1990
20010614 1991
20010615 1992
20010616 1993
20010617 1994
20010618 1995
20010619 1996
20010620 1997
20010621 1998
20010622 1999
20010623 2000
20010624 2001
20010625 2002
20010626 2003
20010627 2004
20010628 2005
20010629 2006
20010630 2007
20010701 2008
20010702 2009
20010703 2010
20010704 2011
20010705 2012
20010706 2013
20010707 2014
20010708 2015
20010709 2016
20010710 2017
20010711 2018
20010712 2019
20010713 2020
20010714 2021
20010715 2022
20010716 2023
20010717 2024
20010718 2025
20010719 2026
20010720 2027
20010721 2028
20010722 2029
20010723 2030
20010724 2031
20010725 2032
20010726 2033
20010727 2034
20010728 2035
20010729 2036
20010730 2037
20010731 2038
20010801 2039
20010802 2040
20010803 2041
20010804 2042
20010805 2043
20010806 2044
20010807 2045
20010808 2046
20010809 2047
20010810 2048
20010811 2049
20010812 2050
20010813 2051
20010814 2052
20010815 2053
20010816 2054
20010817 2055
20010818 2056
20010819 2057
20010820 2058
20010821 2059
20010822 2060
20010823 2061
20010824 2062
20010825 2063
20010826 2064
20010827 2065
20010828 2066
20010829 2067
20010830 2068
20010831 2069
20010901 2070
20010902 2071
20010903 2072
20010904 2073
20010905 2074
20010906 2075
20010907 2076
20010908 2077
20010909 2078
20010910 2079
20010911 2080
20010912 2081
20010913 2082
20010914 2083
20010915 2084
20010916 2085
20010917 2086
20010918 2087
20010919 2088
20010920 2089
20010921 2090
20010922 2091
20010923 2092
20010924 2093
20010925 2094
20010926 2095
20010927 2096
20010928 2097
20010929 2098
20010930 2099
20011001 2100
20011002 2101
20011003 2102
20011004 2103
20011005 2104
20011006 2105
20011007 2106
20011008 2107
20011009 2108
20011010 2109
20011011 2110
20011012 2111
20011013 2112
20011014 2113
20011015 2114
20011016 2115
20011017 2116
20011018 2117
20011019 2118
20011020 2119
20011021 2120
20011022 2121
20011023 2122
20011024 2123
20011025 2124
20011026 2125
20011027 2126
20011028 2127
20011029 2128
20011030 2129
20011031 2130
20011101 2131
20011102 2132
20011103 2133
20011104 2134
20011105 2135
20011106 2136
20011107 2137
20011108 2138
20011109 2139
20011110 2140
20011111 2141
20011112 2142
20011113 2143
20011114 2144
20011115 2145
20011116 2146
20011117 2147
20011118 2148
20011119 2149
20011120 2150
20011121 2151
20011122 2152
20011123 2153
20011124 2154
20011125 2155
20011126 2156
20011127 2157
20011128 2158
20011129 2159
20011130 2160
20011201 2161
20011202 2162
20011203 2163
20011204 2164
20011205 2165
20011206 2166
20011207 2167
20011208 2168
20011209 2169
20011210 2170
20011211 2171
20011212 2172
20011213 2173
20011214 2174
20011215 2175
20011216 2176
20011217 2177
20011218 2178
20011219 2179
20011220 2180
20011221 2181
20011222 2182
20011223 2183
20011224 2184
20011225 2185
20011226 2186
20011227 2187
20011228 2188
20011229 2189
20011230 2190
20011231 2191
20020101 2192
20020102 2193
20020103 2194
20020104 2195
20020105 2196
20020106 2197
20020107 2198
20020108 2199
20020109 2200
20020110 2201
20020111 2202
20020112 2203
20020113 2204
20020114 2205
20020115 2206
20020116 2207
20020117 2208
20020118 2209
20020119 2210
20020120 2211
20020121 2212
20020122 2213
20020123 2214
20020124 2215
20020125 2216
20020126 2217
20020127 2218
20020128 2219
20020129 2220
20020130 2221
20020131 2222
20020201 2223
20020202 2224
20020203 2225
20020204 2226
20020205 2227
20020206 2228
20020207 2229
20020208 2230
20020209 2231
20020210 2232
20020211 2233
20020212 2234
20020213 2235
20020214 2236
20020215 2237
20020216 2238
20020217 2239
20020218 2240
20020219 2241
20020220 2242
20020221 2243
20020222 2244
20020223 2245
20020224 2246
20020225 2247
20020226 2248
20020227 2249
20020228 2250
20020301 2251
20020302 2252
20020303 2253
20020304 2254
20020305 2255
20020306 2256
20020307 2257
20020308 2258
20020309 2259
20020310 2260
20020311 2261
20020312 2262
20020313 2263
20020314 2264
20020315 2265
20020316 2266
20020317 2267
20020318 2268
20020319 2269
20020320 2270
20020321 2271
20020322 2272
20020323 2273
20020324 2274
20020325 2275
20020326 2276
20020327 2277
20020328 2278
20020329 2279
20020330 2280
20020331 2281
20020401 2282
20020402 2283
20020403 2284
20020404 2285
20020405 2286
20020406 2287
20020407 2288
20020408 2289
20020409 2290
20020410 2291
20020411 2292
20020412 2293
20020413 2294
20020414 2295
20020415 2296
20020416 2297
20020417 2298
20020418 2299
20020419 2300
20020420 2301
20020421 2302
20020422 2303
20020423 2304
20020424 2305
20020425 2306
20020426 2307
20020427 2308
20020428 2309
20020429 2310
20020430 2311
20020501 2312
20020502 2313
20020503 2314
20020504 2315
20020505 2316
20020506 2317
20020507 2318
20020508 2319
20020509 2320
20020510 2321
20020511 2322
20020512 2323
20020513 2324
20020514 2325
20020515 2326
20020516 2327
20020517 2328
20020518 2329
20020519 2330
20020520 2331
20020521 2332
20020522 2333
20020523 2334
20020524 2335
20020525 2336
20020526 2337
20020527 2338
20020528 2339
20020529 2340
20020530 2341
20020531 2342
20020601 2343
20020602 2344
20020603 2345
20020604 2346
20020605 2347
20020606 2348
20020607 2349
20020608 2350
20020609 2351
20020610 2352
20020611 2353
20020612 2354
20020613 2355
20020614 2356
20020615 2357
20020616 2358
20020617 2359
20020618 2360
20020619 2361
20020620 2362
20020621 2363
20020622 2364
20020623 2365
20020624 2366
20020625 2367
20020626 2368
20020627 2369
20020628 2370
20020629 2371
20020630 2372
20020701 2373
20020702 2374
20020703 2375
20020704 2376
20020705 2377
20020706 2378
20020707 2379
20020708 2380
20020709 2381
20020710 2382
20020711 2383
20020712 2384
20020713 2385
20020714 2386
20020715 2387
20020716 2388
20020717 2389
20020718 2390
20020719 2391
20020720 2392
20020721 2393
20020722 2394
20020723 2395
20020724 2396
20020725 2397
20020726 2398
20020727 2399
20020728 2400
20020729 2401
20020730 2402
20020731 2403
20020801 2404
20020802 2405
20020803 2406
20020804 2407
20020805 2408
20020806 2409
20020807 2410
20020808 2411
20020809 2412
20020810 2413
20020811 2414
20020812 2415
20020813 2416
20020814 2417
20020815 2418
20020816 2419
20020817 2420
20020818 2421
20020819 2422
20020820 2423
20020821 2424
20020822 2425
20020823 2426
20020824 2427
20020825 2428
20020826 2429
20020827 2430
20020828 2431
20020829 2432
20020830 2433
20020831 2434
20020901 2435
20020902 2436
20020903 2437
20020904 2438
20020905 2439
20020906 2440
20020907 2441
20020908 2442
20020909 2443
20020910 2444
20020911 2445
20020912 2446
20020913 2447
20020914 2448
20020915 2449
20020916 2450
20020917 2451
20020918 2452
20020919 2453
20020920 2454
20020921 2455
20020922 2456
20020923 2457
20020924 2458
20020925 2459
20020926 2460
20020927 2461
20020928 2462
20020929 2463
20020930 2464
20021001 2465
20021002 2466
20021003 2467
20021004 2468
20021005 2469
20021006 2470
20021007 2471
20021008 2472
20021009 2473
20021010 2474
20021011 2475
20021012 2476
20021013 2477
20021014 2478
20021015 2479
20021016 2480
20021017 2481
20021018 2482
20021019 2483
20021020 2484
20021021 2485
20021022 2486
20021023 2487
20021024 2488
20021025 2489
20021026 2490
20021027 2491
20021028 2492
20021029 2493
20021030 2494
20021031 2495
20021101 2496
20021102 2497
20021103 2498
20021104 2499
20021105 2500
20021106 2501
20021107 2502
20021108 2503
20021109 2504
20021110 2505
20021111 2506
20021112 2507
20021113 2508
20021114 2509
20021115 2510
20021116 2511
20021117 2512
20021118 2513
20021119 2514
20021120 2515
20021121 2516
20021122 2517
20021123 2518
20021124 2519
20021125 2520
20021126 2521
20021127 2522
20021128 2523
20021129 2524
20021130 2525
20021201 2526
20021202 2527
20021203 2528
20021204 2529
20021205 2530
20021206 2531
20021207 2532
20021208 2533
20021209 2534
20021210 2535
20021211 2536
20021212 2537
20021213 2538
20021214 2539
20021215 2540
20021216 2541
20021217 2542
20021218 2543
20021219 2544
20021220 2545
20021221 2546
20021222 2547
20021223 2548
20021224 2549
20021225 2550
20021226 2551
20021227 2552
20021228 2553
20021229 2554
20021230 2555
20021231 2556
20030101 2557
20030102 2558
20030103 2559
20030104 2560
20030105 2561
20030106 2562
20030107 2563
20030108 2564
20030109 2565
20030110 2566
20030111 2567
20030112 2568
20030113 2569
20030114 2570
20030115 2571
20030116 2572
20030117 2573
20030118 2574
20030119 2575
20030120 2576
20030121 2577
20030122 2578
20030123 2579
20030124 2580
20030125 2581
20030126 2582
20030127 2583
20030128 2584
20030129 2585
20030130 2586
20030131 2587
20030201 2588
20030202 2589
20030203 2590
20030204 2591
20030205 2592
20030206 2593
20030207 2594
20030208 2595
20030209 2596
20030210 2597
20030211 2598
20030212 2599
20030213 2600
20030214 2601
20030215 2602
20030216 2603
20030217 2604
20030218 2605
20030219 2606
20030220 2607
20030221 2608
20030222 2609
20030223 2610
20030224 2611
20030225 2612
20030226 2613
20030227 2614
20030228 2615
20030301 2616
20030302 2617
20030303 2618
20030304 2619
20030305 2620
20030306 2621
20030307 2622
20030308 2623
20030309 2624
20030310 2625
20030311 2626
20030312 2627
20030313 2628
20030314 2629
20030315 2630
20030316 2631
20030317 2632
20030318 2633
20030319 2634
20030320 2635
20030321 2636
20030322 2637
20030323 2638
20030324 2639
20030325 2640
20030326 2641
20030327 2642
20030328 2643
20030329 2644
20030330 2645
20030331 2646
20030401 2647
20030402 2648
20030403 2649
20030404 2650
20030405 2651
20030406 2652
20030407 2653
20030408 2654
20030409 2655
20030410 2656
20030411 2657
20030412 2658
20030413 2659
20030414 2660
20030415 2661
20030416 2662
20030417 2663
20030418 2664
20030419 2665
20030420 2666
20030421 2667
20030422 2668
20030423 2669
20030424 2670
20030425 2671
20030426 2672
20030427 2673
20030428 2674
20030429 2675
20030430 2676
20030501 2677
20030502 2678
20030503 2679
20030504 2680
20030505 2681
20030506 2682
20030507 2683
20030508 2684
20030509 2685
20030510 2686
20030511 2687
20030512 2688
20030513 2689
20030514 2690
20030515 2691
20030516 2692
20030517 2693
20030518 2694
20030519 2695
20030520 2696
20030521 2697
20030522 2698
20030523 2699
20030524 2700
20030525 2701
20030526 2702
20030527 2703
20030528 2704
20030529 2705
20030530 2706
20030531 2707
20030601 2708
20030602 2709
20030603 2710
20030604 2711
20030605 2712
20030606 2713
20030607 2714
20030608 2715
20030609 2716
20030610 2717
20030611 2718
20030612 2719
20030613 2720
20030614 2721
20030615 2722
20030616 2723
20030617 2724
20030618 2725
20030619 2726
20030620 2727
20030621 2728
20030622 2729
20030623 2730
20030624 2731
20030625 2732
20030626 2733
20030627 2734
20030628 2735
20030629 2736
20030630 2737
20030701 2738
20030702 2739
20030703 2740
20030704 2741
20030705 2742
20030706 2743
20030707 2744
20030708 2745
20030709 2746
20030710 2747
20030711 2748
20030712 2749
20030713 2750
20030714 2751
20030715 2752
20030716 2753
20030717 2754
20030718 2755
20030719 2756
20030720 2757
20030721 2758
20030722 2759
20030723 2760
20030724 2761
20030725 2762
20030726 2763
20030727 2764
20030728 2765
20030729 2766
20030730 2767
20030731 2768
20030801 2769
20030802 2770
20030803 2771
20030804 2772
20030805 2773
20030806 2774
20030807 2775
20030808 2776
20030809 2777
20030810 2778
20030811 2779
20030812 2780
20030813 2781
20030814 2782
20030815 2783
20030816 2784
20030817 2785
20030818 2786
20030819 2787
20030820 2788
20030821 2789
20030822 2790
20030823 2791
20030824 2792
20030825 2793
20030826 2794
20030827 2795
20030828 2796
20030829 2797
20030830 2798
20030831 2799
20030901 2800
20030902 2801
20030903 2802
20030904 2803
20030905 2804
20030906 2805
20030907 2806
20030908 2807
20030909 2808
20030910 2809
20030911 2810
20030912 2811
20030913 2812
20030914 2813
20030915 2814
20030916 2815
20030917 2816
20030918 2817
20030919 2818
20030920 2819
20030921 2820
20030922 2821
20030923 2822
20030924 2823
20030925 2824
20030926 2825
20030927 2826
20030928 2827
20030929 2828
20030930 2829
20031001 2830
20031002 2831
20031003 2832
20031004 2833
20031005 2834
20031006 2835
20031007 2836
20031008 2837
20031009 2838
20031010 2839
20031011 2840
20031012 2841
20031013 2842
20031014 2843
20031015 2844
20031016 2845
20031017 2846
20031018 2847
20031019 2848
20031020 2849
20031021 2850
20031022 2851
20031023 2852
20031024 2853
20031025 2854
20031026 2855
20031027 2856
20031028 2857
20031029 2858
20031030 2859
20031031 2860
20031101 2861
20031102 2862
20031103 2863
20031104 2864
20031105 2865
20031106 2866
20031107 2867
20031108 2868
20031109 2869
20031110 2870
20031111 2871
20031112 2872
20031113 2873
20031114 2874
20031115 2875
20031116 2876
20031117 2877
20031118 2878
20031119 2879
20031120 2880
20031121 2881
20031122 2882
20031123 2883
20031124 2884
20031125 2885
20031126 2886
20031127 2887
20031128 2888
20031129 2889
20031130 2890
20031201 2891
20031202 2892
20031203 2893
20031204 2894
20031205 2895
20031206 2896
20031207 2897
20031208 2898
20031209 2899
20031210 2900
20031211 2901
20031212 2902
20031213 2903
20031214 2904
20031215 2905
20031216 2906
20031217 2907
20031218 2908
20031219 2909
20031220 2910
20031221 2911
20031222 2912
20031223 2913
20031224 2914
20031225 2915
20031226 2916
20031227 2917
20031228 2918
20031229 2919
20031230 2920
20031231 2921
20040101 2922
20040102 2923
20040103 2924
20040104 2925
20040105 2926
20040106 2927
20040107 2928
20040108 2929
20040109 2930
20040110 2931
20040111 2932
20040112 2933
20040113 2934
20040114 2935
20040115 2936
20040116 2937
20040117 2938
20040118 2939
20040119 2940
20040120 2941
20040121 2942
20040122 2943
20040123 2944
20040124 2945
20040125 2946
20040126 2947
20040127 2948
20040128 2949
20040129 2950
20040130 2951
20040131 2952
20040201 2953
20040202 2954
20040203 2955
20040204 2956
20040205 2957
20040206 2958
20040207 2959
20040208 2960
20040209 2961
20040210 2962
20040211 2963
20040212 2964
20040213 2965
20040214 2966
20040215 2967
20040216 2968
20040217 2969
20040218 2970
20040219 2971
20040220 2972
20040221 2973
20040222 2974
20040223 2975
20040224 2976
20040225 2977
20040226 2978
20040227 2979
20040228 2980
20040229 2981
20040301 2982
20040302 2983
20040303 2984
20040304 2985
20040305 2986
20040306 2987
20040307 2988
20040308 2989
20040309 2990
20040310 2991
20040311 2992
20040312 2993
20040313 2994
20040314 2995
20040315 2996
20040316 2997
20040317 2998
20040318 2999
20040319 3000
20040320 3001
20040321 3002
20040322 3003
20040323 3004
20040324 3005
20040325 3006
20040326 3007
20040327 3008
20040328 3009
20040329 3010
20040330 3011
20040331 3012
20040401 3013
20040402 3014
20040403 3015
20040404 3016
20040405 3017
20040406 3018
20040407 3019
20040408 3020
20040409 3021
20040410 3022
20040411 3023
20040412 3024
20040413 3025
20040414 3026
20040415 3027
20040416 3028
20040417 3029
20040418 3030
20040419 3031
20040420 3032
20040421 3033
20040422 3034
20040423 3035
20040424 3036
20040425 3037
20040426 3038
20040427 3039
20040428 3040
20040429 3041
20040430 3042
20040501 3043
20040502 3044
20040503 3045
20040504 3046
20040505 3047
20040506 3048
20040507 3049
20040508 3050
20040509 3051
20040510 3052
20040511 3053
20040512 3054
20040513 3055
20040514 3056
20040515 3057
20040516 3058
20040517 3059
20040518 3060
20040519 3061
20040520 3062
20040521 3063
20040522 3064
20040523 3065
20040524 3066
20040525 3067
20040526 3068
20040527 3069
20040528 3070
20040529 3071
20040530 3072
20040531 3073
20040601 3074
20040602 3075
20040603 3076
20040604 3077
20040605 3078
20040606 3079
20040607 3080
20040608 3081
20040609 3082
20040610 3083
20040611 3084
20040612 3085
20040613 3086
20040614 3087
20040615 3088
20040616 3089
20040617 3090
20040618 3091
20040619 3092
20040620 3093
20040621 3094
20040622 3095
20040623 3096
20040624 3097
20040625 3098
20040626 3099
20040627 3100
20040628 3101
20040629 3102
20040630 3103
20040701 3104
20040702 3105
20040703 3106
20040704 3107
20040705 3108
20040706 3109
20040707 3110
20040708 3111
20040709 3112
20040710 3113
20040711 3114
20040712 3115
20040713 3116
20040714 3117
20040715 3118
20040716 3119
20040717 3120
20040718 3121
20040719 3122
20040720 3123
20040721 3124
20040722 3125
20040723 3126
20040724 3127
20040725 3128
20040726 3129
20040727 3130
20040728 3131
20040729 3132
20040730 3133
20040731 3134
20040801 3135
20040802 3136
20040803 3137
20040804 3138
20040805 3139
20040806 3140
20040807 3141
20040808 3142
20040809 3143
20040810 3144
20040811 3145
20040812 3146
20040813 3147
20040814 3148
20040815 3149
20040816 3150
20040817 3151
20040818 3152
20040819 3153
20040820 3154
20040821 3155
20040822 3156
20040823 3157
20040824 3158
20040825 3159
20040826 3160
20040827 3161
20040828 3162
20040829 3163
20040830 3164
20040831 3165
20040901 3166
20040902 3167
20040903 3168
20040904 3169
20040905 3170
20040906 3171
20040907 3172
20040908 3173
20040909 3174
20040910 3175
20040911 3176
20040912 3177
20040913 3178
20040914 3179
20040915 3180
20040916 3181
20040917 3182
20040918 3183
20040919 3184
20040920 3185
20040921 3186
20040922 3187
20040923 3188
20040924 3189
20040925 3190
20040926 3191
20040927 3192
20040928 3193
20040929 3194
20040930 3195
20041001 3196
20041002 3197
20041003 3198
20041004 3199
20041005 3200
20041006 3201
20041007 3202
20041008 3203
20041009 3204
20041010 3205
20041011 3206
20041012 3207
20041013 3208
20041014 3209
20041015 3210
20041016 3211
20041017 3212
20041018 3213
20041019 3214
20041020 3215
20041021 3216
20041022 3217
20041023 3218
20041024 3219
20041025 3220
20041026 3221
20041027 3222
20041028 3223
20041029 3224
20041030 3225
20041031 3226
20041101 3227
20041102 3228
20041103 3229
20041104 3230
20041105 3231
20041106 3232
20041107 3233
20041108 3234
20041109 3235
20041110 3236
20041111 3237
20041112 3238
20041113 3239
20041114 3240
20041115 3241
20041116 3242
20041117 3243
20041118 3244
20041119 3245
20041120 3246
20041121 3247
20041122 3248
20041123 3249
20041124 3250
20041125 3251
20041126 3252
20041127 3253
20041128 3254
20041129 3255
20041130 3256
20041201 3257
20041202 3258
20041203 3259
20041204 3260
20041205 3261
20041206 3262
20041207 3263
20041208 3264
20041209 3265
20041210 3266
20041211 3267
20041212 3268
20041213 3269
20041214 3270
20041215 3271
20041216 3272
20041217 3273
20041218 3274
20041219 3275
20041220 3276
20041221 3277
20041222 3278
20041223 3279
20041224 3280
20041225 3281
20041226 3282
20041227 3283
20041228 3284
20041229 3285
20041230 3286
20041231 3287
20050101 3288
20050102 3289
20050103 3290
20050104 3291
20050105 3292
20050106 3293
20050107 3294
20050108 3295
20050109 3296
20050110 3297
20050111 3298
20050112 3299
20050113 3300
20050114 3301
20050115 3302
20050116 3303
20050117 3304
20050118 3305
20050119 3306
20050120 3307
20050121 3308
20050122 3309
20050123 3310
20050124 3311
20050125 3312
20050126 3313
20050127 3314
20050128 3315
20050129 3316
20050130 3317
20050131 3318
20050201 3319
20050202 3320
20050203 3321
20050204 3322
20050205 3323
20050206 3324
20050207 3325
20050208 3326
20050209 3327
20050210 3328
20050211 3329
20050212 3330
20050213 3331
20050214 3332
20050215 3333
20050216 3334
20050217 3335
20050218 3336
20050219 3337
20050220 3338
20050221 3339
20050222 3340
20050223 3341
20050224 3342
20050225 3343
20050226 3344
20050227 3345
20050228 3346
20050301 3347
20050302 3348
20050303 3349
20050304 3350
20050305 3351
20050306 3352
20050307 3353
20050308 3354
20050309 3355
20050310 3356
20050311 3357
20050312 3358
20050313 3359
20050314 3360
20050315 3361
20050316 3362
20050317 3363
20050318 3364
20050319 3365
20050320 3366
20050321 3367
20050322 3368
20050323 3369
20050324 3370
20050325 3371
20050326 3372
20050327 3373
20050328 3374
20050329 3375
20050330 3376
20050331 3377
20050401 3378
20050402 3379
20050403 3380
20050404 3381
20050405 3382
20050406 3383
20050407 3384
20050408 3385
20050409 3386
20050410 3387
20050411 3388
20050412 3389
20050413 3390
20050414 3391
20050415 3392
20050416 3393
20050417 3394
20050418 3395
20050419 3396
20050420 3397
20050421 3398
20050422 3399
20050423 3400
20050424 3401
20050425 3402
20050426 3403
20050427 3404
20050428 3405
20050429 3406
20050430 3407
20050501 3408
20050502 3409
20050503 3410
20050504 3411
20050505 3412
20050506 3413
20050507 3414
20050508 3415
20050509 3416
20050510 3417
20050511 3418
20050512 3419
20050513 3420
20050514 3421
20050515 3422
20050516 3423
20050517 3424
20050518 3425
20050519 3426
20050520 3427
20050521 3428
20050522 3429
20050523 3430
20050524 3431
20050525 3432
20050526 3433
20050527 3434
20050528 3435
20050529 3436
20050530 3437
20050531 3438
20050601 3439
20050602 3440
20050603 3441
20050604 3442
20050605 3443
20050606 3444
20050607 3445
20050608 3446
20050609 3447
20050610 3448
20050611 3449
20050612 3450
20050613 3451
20050614 3452
20050615 3453
20050616 3454
20050617 3455
20050618 3456
20050619 3457
20050620 3458
20050621 3459
20050622 3460
20050623 3461
20050624 3462
20050625 3463
20050626 3464
20050627 3465
20050628 3466
20050629 3467
20050630 3468
20050701 3469
20050702 3470
20050703 3471
20050704 3472
20050705 3473
20050706 3474
20050707 3475
20050708 3476
20050709 3477
20050710 3478
20050711 3479
20050712 3480
20050713 3481
20050714 3482
20050715 3483
20050716 3484
20050717 3485
20050718 3486
20050719 3487
20050720 3488
20050721 3489
20050722 3490
20050723 3491
20050724 3492
20050725 3493
20050726 3494
20050727 3495
20050728 3496
20050729 3497
20050730 3498
20050731 3499
20050801 3500
20050802 3501
20050803 3502
20050804 3503
20050805 3504
20050806 3505
20050807 3506
20050808 3507
20050809 3508
20050810 3509
20050811 3510
20050812 3511
20050813 3512
20050814 3513
20050815 3514
20050816 3515
20050817 3516
20050818 3517
20050819 3518
20050820 3519
20050821 3520
20050822 3521
20050823 3522
20050824 3523
20050825 3524
20050826 3525
20050827 3526
20050828 3527
20050829 3528
20050830 3529
20050831 3530
20050901 3531
20050902 3532
20050903 3533
20050904 3534
20050905 3535
20050906 3536
20050907 3537
20050908 3538
20050909 3539
20050910 3540
20050911 3541
20050912 3542
20050913 3543
20050914 3544
20050915 3545
20050916 3546
20050917 3547
20050918 3548
20050919 3549
20050920 3550
20050921 3551
20050922 3552
20050923 3553
20050924 3554
20050925 3555
20050926 3556
20050927 3557
20050928 3558
20050929 3559
20050930 3560
20051001 3561
20051002 3562
20051003 3563
20051004 3564
20051005 3565
20051006 3566
20051007 3567
20051008 3568
20051009 3569
20051010 3570
20051011 3571
20051012 3572
20051013 3573
20051014 3574
20051015 3575
20051016 3576
20051017 3577
20051018 3578
20051019 3579
20051020 3580
20051021 3581
20051022 3582
20051023 3583
20051024 3584
20051025 3585
20051026 3586
20051027 3587
20051028 3588
20051029 3589
20051030 3590
20051031 3591
20051101 3592
20051102 3593
20051103 3594
20051104 3595
20051105 3596
20051106 3597
20051107 3598
20051108 3599
20051109 3600
20051110 3601
20051111 3602
20051112 3603
20051113 3604
20051114 3605
20051115 3606
20051116 3607
20051117 3608
20051118 3609
20051119 3610
20051120 3611
20051121 3612
20051122 3613
20051123 3614
20051124 3615
20051125 3616
20051126 3617
20051127 3618
20051128 3619
20051129 3620
20051130 3621
20051201 3622
20051202 3623
20051203 3624
20051204 3625
20051205 3626
20051206 3627
20051207 3628
20051208 3629
20051209 3630
20051210 3631
20051211 3632
20051212 3633
20051213 3634
20051214 3635
20051215 3636
20051216 3637
20051217 3638
20051218 3639
20051219 3640
20051220 3641
20051221 3642
20051222 3643
20051223 3644
20051224 3645
20051225 3646
20051226 3647
20051227 3648
20051228 3649
20051229 3650
20051230 3651
20051231 3652
20060101 3653
20060102 3654
20060103 3655
20060104 3656
20060105 3657
20060106 3658
20060107 3659
20060108 3660
20060109 3661
20060110 3662
20060111 3663
20060112 3664
20060113 3665
20060114 3666
20060115 3667
20060116 3668
20060117 3669
20060118 3670
20060119 3671
20060120 3672
20060121 3673
20060122 3674
20060123 3675
20060124 3676
20060125 3677
20060126 3678
20060127 3679
20060128 3680
20060129 3681
20060130 3682
20060131 3683
20060201 3684
20060202 3685
20060203 3686
20060204 3687
20060205 3688
20060206 3689
20060207 3690
20060208 3691
20060209 3692
20060210 3693
20060211 3694
20060212 3695
20060213 3696
20060214 3697
20060215 3698
20060216 3699
20060217 3700
20060218 3701
20060219 3702
20060220 3703
20060221 3704
20060222 3705
20060223 3706
20060224 3707
20060225 3708
20060226 3709
20060227 3710
20060228 3711
20060301 3712
20060302 3713
20060303 3714
20060304 3715
20060305 3716
20060306 3717
20060307 3718
20060308 3719
20060309 3720
20060310 3721
20060311 3722
20060312 3723
20060313 3724
20060314 3725
20060315 3726
20060316 3727
20060317 3728
20060318 3729
20060319 3730
20060320 3731
20060321 3732
20060322 3733
20060323 3734
20060324 3735
20060325 3736
20060326 3737
20060327 3738
20060328 3739
20060329 3740
20060330 3741
20060331 3742
20060401 3743
20060402 3744
20060403 3745
20060404 3746
20060405 3747
20060406 3748
20060407 3749
20060408 3750
20060409 3751
20060410 3752
20060411 3753
20060412 3754
20060413 3755
20060414 3756
20060415 3757
20060416 3758
20060417 3759
20060418 3760
20060419 3761
20060420 3762
20060421 3763
20060422 3764
20060423 3765
20060424 3766
20060425 3767
20060426 3768
20060427 3769
20060428 3770
20060429 3771
20060430 3772
20060501 3773
20060502 3774
20060503 3775
20060504 3776
20060505 3777
20060506 3778
20060507 3779
20060508 3780
20060509 3781
20060510 3782
20060511 3783
20060512 3784
20060513 3785
20060514 3786
20060515 3787
20060516 3788
20060517 3789
20060518 3790
20060519 3791
20060520 3792
20060521 3793
20060522 3794
20060523 3795
20060524 3796
20060525 3797
20060526 3798
20060527 3799
20060528 3800
20060529 3801
20060530 3802
20060531 3803
20060601 3804
20060602 3805
20060603 3806
20060604 3807
20060605 3808
20060606 3809
20060607 3810
20060608 3811
20060609 3812
20060610 3813
20060611 3814
20060612 3815
20060613 3816
20060614 3817
20060615 3818
20060616 3819
20060617 3820
20060618 3821
20060619 3822
20060620 3823
20060621 3824
20060622 3825
20060623 3826
20060624 3827
20060625 3828
20060626 3829
20060627 3830
20060628 3831
20060629 3832
20060630 3833
20060701 3834
20060702 3835
20060703 3836
20060704 3837
20060705 3838
20060706 3839
20060707 3840
20060708 3841
20060709 3842
20060710 3843
20060711 3844
20060712 3845
20060713 3846
20060714 3847
20060715 3848
20060716 3849
20060717 3850
20060718 3851
20060719 3852
20060720 3853
20060721 3854
20060722 3855
20060723 3856
20060724 3857
20060725 3858
20060726 3859
20060727 3860
20060728 3861
20060729 3862
20060730 3863
20060731 3864
20060801 3865
20060802 3866
20060803 3867
20060804 3868
20060805 3869
20060806 3870
20060807 3871
20060808 3872
20060809 3873
20060810 3874
20060811 3875
20060812 3876
20060813 3877
20060814 3878
20060815 3879
20060816 3880
20060817 3881
20060818 3882
20060819 3883
20060820 3884
20060821 3885
20060822 3886
20060823 3887
20060824 3888
20060825 3889
20060826 3890
20060827 3891
20060828 3892
20060829 3893
20060830 3894
20060831 3895
20060901 3896
20060902 3897
20060903 3898
20060904 3899
20060905 3900
20060906 3901
20060907 3902
20060908 3903
20060909 3904
20060910 3905
20060911 3906
20060912 3907
20060913 3908
20060914 3909
20060915 3910
20060916 3911
20060917 3912
20060918 3913
20060919 3914
20060920 3915
20060921 3916
20060922 3917
20060923 3918
20060924 3919
20060925 3920
20060926 3921
20060927 3922
20060928 3923
20060929 3924
20060930 3925
20061001 3926
20061002 3927
20061003 3928
20061004 3929
20061005 3930
20061006 3931
20061007 3932
20061008 3933
20061009 3934
20061010 3935
20061011 3936
20061012 3937
20061013 3938
20061014 3939
20061015 3940
20061016 3941
20061017 3942
20061018 3943
20061019 3944
20061020 3945
20061021 3946
20061022 3947
20061023 3948
20061024 3949
20061025 3950
20061026 3951
20061027 3952
20061028 3953
20061029 3954
20061030 3955
20061031 3956
20061101 3957
20061102 3958
20061103 3959
20061104 3960
20061105 3961
20061106 3962
20061107 3963
20061108 3964
20061109 3965
20061110 3966
20061111 3967
20061112 3968
20061113 3969
20061114 3970
20061115 3971
20061116 3972
20061117 3973
20061118 3974
20061119 3975
20061120 3976
20061121 3977
20061122 3978
20061123 3979
20061124 3980
20061125 3981
20061126 3982
20061127 3983
20061128 3984
20061129 3985
20061130 3986
20061201 3987
20061202 3988
20061203 3989
20061204 3990
20061205 3991
20061206 3992
20061207 3993
20061208 3994
20061209 3995
20061210 3996
20061211 3997
20061212 3998
20061213 3999
20061214 4000
20061215 4001
20061216 4002
20061217 4003
20061218 4004
20061219 4005
20061220 4006
20061221 4007
20061222 4008
20061223 4009
20061224 4010
20061225 4011
20061226 4012
20061227 4013
20061228 4014
20061229 4015
20061230 4016
20061231 4017
20070101 4018
20070102 4019
20070103 4020
20070104 4021
20070105 4022
20070106 4023
20070107 4024
20070108 4025
20070109 4026
20070110 4027
20070111 4028
20070112 4029
20070113 4030
20070114 4031
20070115 4032
20070116 4033
20070117 4034
20070118 4035
20070119 4036
20070120 4037
20070121 4038
20070122 4039
20070123 4040
20070124 4041
20070125 4042
20070126 4043
20070127 4044
20070128 4045
20070129 4046
20070130 4047
20070131 4048
20070201 4049
20070202 4050
20070203 4051
20070204 4052
20070205 4053
20070206 4054
20070207 4055
20070208 4056
20070209 4057
20070210 4058
20070211 4059
20070212 4060
20070213 4061
20070214 4062
20070215 4063
20070216 4064
20070217 4065
20070218 4066
20070219 4067
20070220 4068
20070221 4069
20070222 4070
20070223 4071
20070224 4072
20070225 4073
20070226 4074
20070227 4075
20070228 4076
20070301 4077
20070302 4078
20070303 4079
20070304 4080
20070305 4081
20070306 4082
20070307 4083
20070308 4084
20070309 4085
20070310 4086
20070311 4087
20070312 4088
20070313 4089
20070314 4090
20070315 4091
20070316 4092
20070317 4093
20070318 4094
20070319 4095
20070320 4096
20070321 4097
20070322 4098
20070323 4099
20070324 4100
20070325 4101
20070326 4102
20070327 4103
20070328 4104
20070329 4105
20070330 4106
20070331 4107
20070401 4108
20070402 4109
20070403 4110
20070404 4111
20070405 4112
20070406 4113
20070407 4114
20070408 4115
20070409 4116
20070410 4117
20070411 4118
20070412 4119
20070413 4120
20070414 4121
20070415 4122
20070416 4123
20070417 4124
20070418 4125
20070419 4126
20070420 4127
20070421 4128
20070422 4129
20070423 4130
20070424 4131
20070425 4132
20070426 4133
20070427 4134
20070428 4135
20070429 4136
20070430 4137
20070501 4138
20070502 4139
20070503 4140
20070504 4141
20070505 4142
20070506 4143
20070507 4144
20070508 4145
20070509 4146
20070510 4147
20070511 4148
20070512 4149
20070513 4150
20070514 4151
20070515 4152
20070516 4153
20070517 4154
20070518 4155
20070519 4156
20070520 4157
20070521 4158
20070522 4159
20070523 4160
20070524 4161
20070525 4162
20070526 4163
20070527 4164
20070528 4165
20070529 4166
20070530 4167
20070531 4168
20070601 4169
20070602 4170
20070603 4171
20070604 4172
20070605 4173
20070606 4174
20070607 4175
20070608 4176
20070609 4177
20070610 4178
20070611 4179
20070612 4180
20070613 4181
20070614 4182
20070615 4183
20070616 4184
20070617 4185
20070618 4186
20070619 4187
20070620 4188
20070621 4189
20070622 4190
20070623 4191
20070624 4192
20070625 4193
20070626 4194
20070627 4195
20070628 4196
20070629 4197
20070630 4198
20070701 4199
20070702 4200
20070703 4201
20070704 4202
20070705 4203
20070706 4204
20070707 4205
20070708 4206
20070709 4207
20070710 4208
20070711 4209
20070712 4210
20070713 4211
20070714 4212
20070715 4213
20070716 4214
20070717 4215
20070718 4216
20070719 4217
20070720 4218
20070721 4219
20070722 4220
20070723 4221
20070724 4222
20070725 4223
20070726 4224
20070727 4225
20070728 4226
20070729 4227
20070730 4228
20070731 4229
20070801 4230
20070802 4231
20070803 4232
20070804 4233
20070805 4234
20070806 4235
20070807 4236
20070808 4237
20070809 4238
20070810 4239
20070811 4240
20070812 4241
20070813 4242
20070814 4243
20070815 4244
20070816 4245
20070817 4246
20070818 4247
20070819 4248
20070820 4249
20070821 4250
20070822 4251
20070823 4252
20070824 4253
20070825 4254
20070826 4255
20070827 4256
20070828 4257
20070829 4258
20070830 4259
20070831 4260
20070901 4261
20070902 4262
20070903 4263
20070904 4264
20070905 4265
20070906 4266
20070907 4267
20070908 4268
20070909 4269
20070910 4270
20070911 4271
20070912 4272
20070913 4273
20070914 4274
20070915 4275
20070916 4276
20070917 4277
20070918 4278
20070919 4279
20070920 4280
20070921 4281
20070922 4282
20070923 4283
20070924 4284
20070925 4285
20070926 4286
20070927 4287
20070928 4288
20070929 4289
20070930 4290
20071001 4291
20071002 4292
20071003 4293
20071004 4294
20071005 4295
20071006 4296
20071007 4297
20071008 4298
20071009 4299
20071010 4300
20071011 4301
20071012 4302
20071013 4303
20071014 4304
20071015 4305
20071016 4306
20071017 4307
20071018 4308
20071019 4309
20071020 4310
20071021 4311
20071022 4312
20071023 4313
20071024 4314
20071025 4315
20071026 4316
20071027 4317
20071028 4318
20071029 4319
20071030 4320
20071031 4321
20071101 4322
20071102 4323
20071103 4324
20071104 4325
20071105 4326
20071106 4327
20071107 4328
20071108 4329
20071109 4330
20071110 4331
20071111 4332
20071112 4333
20071113 4334
20071114 4335
20071115 4336
20071116 4337
20071117 4338
20071118 4339
20071119 4340
20071120 4341
20071121 4342
20071122 4343
20071123 4344
20071124 4345
20071125 4346
20071126 4347
20071127 4348
20071128 4349
20071129 4350
20071130 4351
20071201 4352
20071202 4353
20071203 4354
20071204 4355
20071205 4356
20071206 4357
20071207 4358
20071208 4359
20071209 4360
20071210 4361
20071211 4362
20071212 4363
20071213 4364
20071214 4365
20071215 4366
20071216 4367
20071217 4368
20071218 4369
20071219 4370
20071220 4371
20071221 4372
20071222 4373
20071223 4374
20071224 4375
20071225 4376
20071226 4377
20071227 4378
20071228 4379
20071229 4380
20071230 4381
20071231 4382
20080101 4383
20080102 4384
20080103 4385
20080104 4386
20080105 4387
20080106 4388
20080107 4389
20080108 4390
20080109 4391
20080110 4392
20080111 4393
20080112 4394
20080113 4395
20080114 4396
20080115 4397
20080116 4398
20080117 4399
20080118 4400
20080119 4401
20080120 4402
20080121 4403
20080122 4404
20080123 4405
20080124 4406
20080125 4407
20080126 4408
20080127 4409
20080128 4410
20080129 4411
20080130 4412
20080131 4413
20080201 4414
20080202 4415
20080203 4416
20080204 4417
20080205 4418
20080206 4419
20080207 4420
20080208 4421
20080209 4422
20080210 4423
20080211 4424
20080212 4425
20080213 4426
20080214 4427
20080215 4428
20080216 4429
20080217 4430
20080218 4431
20080219 4432
20080220 4433
20080221 4434
20080222 4435
20080223 4436
20080224 4437
20080225 4438
20080226 4439
20080227 4440
20080228 4441
20080229 4442
20080301 4443
20080302 4444
20080303 4445
20080304 4446
20080305 4447
20080306 4448
20080307 4449
20080308 4450
20080309 4451
20080310 4452
20080311 4453
20080312 4454
20080313 4455
20080314 4456
20080315 4457
20080316 4458
20080317 4459
20080318 4460
20080319 4461
20080320 4462
20080321 4463
20080322 4464
20080323 4465
20080324 4466
20080325 4467
20080326 4468
20080327 4469
20080328 4470
20080329 4471
20080330 4472
20080331 4473
20080401 4474
20080402 4475
20080403 4476
20080404 4477
20080405 4478
20080406 4479
20080407 4480
20080408 4481
20080409 4482
20080410 4483
20080411 4484
20080412 4485
20080413 4486
20080414 4487
20080415 4488
20080416 4489
20080417 4490
20080418 4491
20080419 4492
20080420 4493
20080421 4494
20080422 4495
20080423 4496
20080424 4497
20080425 4498
20080426 4499
20080427 4500
20080428 4501
20080429 4502
20080430 4503
20080501 4504
20080502 4505
20080503 4506
20080504 4507
20080505 4508
20080506 4509
20080507 4510
20080508 4511
20080509 4512
20080510 4513
20080511 4514
20080512 4515
20080513 4516
20080514 4517
20080515 4518
20080516 4519
20080517 4520
20080518 4521
20080519 4522
20080520 4523
20080521 4524
20080522 4525
20080523 4526
20080524 4527
20080525 4528
20080526 4529
20080527 4530
20080528 4531
20080529 4532
20080530 4533
20080531 4534
20080601 4535
20080602 4536
20080603 4537
20080604 4538
20080605 4539
20080606 4540
20080607 4541
20080608 4542
20080609 4543
20080610 4544
20080611 4545
20080612 4546
20080613 4547
20080614 4548
20080615 4549
20080616 4550
20080617 4551
20080618 4552
20080619 4553
20080620 4554
20080621 4555
20080622 4556
20080623 4557
20080624 4558
20080625 4559
20080626 4560
20080627 4561
20080628 4562
20080629 4563
20080630 4564
20080701 4565
20080702 4566
20080703 4567
20080704 4568
20080705 4569
20080706 4570
20080707 4571
20080708 4572
20080709 4573
20080710 4574
20080711 4575
20080712 4576
20080713 4577
20080714 4578
20080715 4579
20080716 4580
20080717 4581
20080718 4582
20080719 4583
20080720 4584
20080721 4585
20080722 4586
20080723 4587
20080724 4588
20080725 4589
20080726 4590
20080727 4591
20080728 4592
20080729 4593
20080730 4594
20080731 4595
20080801 4596
20080802 4597
20080803 4598
20080804 4599
20080805 4600
20080806 4601
20080807 4602
20080808 4603
20080809 4604
20080810 4605
20080811 4606
20080812 4607
20080813 4608
20080814 4609
20080815 4610
20080816 4611
20080817 4612
20080818 4613
20080819 4614
20080820 4615
20080821 4616
20080822 4617
20080823 4618
20080824 4619
20080825 4620
20080826 4621
20080827 4622
20080828 4623
20080829 4624
20080830 4625
20080831 4626
20080901 4627
20080902 4628
20080903 4629
20080904 4630
20080905 4631
20080906 4632
20080907 4633
20080908 4634
20080909 4635
20080910 4636
20080911 4637
20080912 4638
20080913 4639
20080914 4640
20080915 4641
20080916 4642
20080917 4643
20080918 4644
20080919 4645
20080920 4646
20080921 4647
20080922 4648
20080923 4649
20080924 4650
20080925 4651
20080926 4652
20080927 4653
20080928 4654
20080929 4655
20080930 4656
20081001 4657
20081002 4658
20081003 4659
20081004 4660
20081005 4661
20081006 4662
20081007 4663
20081008 4664
20081009 4665
20081010 4666
20081011 4667
20081012 4668
20081013 4669
20081014 4670
20081015 4671
20081016 4672
20081017 4673
20081018 4674
20081019 4675
20081020 4676
20081021 4677
20081022 4678
20081023 4679
20081024 4680
20081025 4681
20081026 4682
20081027 4683
20081028 4684
20081029 4685
20081030 4686
20081031 4687
20081101 4688
20081102 4689
20081103 4690
20081104 4691
20081105 4692
20081106 4693
20081107 4694
20081108 4695
20081109 4696
20081110 4697
20081111 4698
20081112 4699
20081113 4700
20081114 4701
20081115 4702
20081116 4703
20081117 4704
20081118 4705
20081119 4706
20081120 4707
20081121 4708
20081122 4709
20081123 4710
20081124 4711
20081125 4712
20081126 4713
20081127 4714
20081128 4715
20081129 4716
20081130 4717
20081201 4718
20081202 4719
20081203 4720
20081204 4721
20081205 4722
20081206 4723
20081207 4724
20081208 4725
20081209 4726
20081210 4727
20081211 4728
20081212 4729
20081213 4730
20081214 4731
20081215 4732
20081216 4733
20081217 4734
20081218 4735
20081219 4736
20081220 4737
20081221 4738
20081222 4739
20081223 4740
20081224 4741
20081225 4742
20081226 4743
20081227 4744
20081228 4745
20081229 4746
20081230 4747
20081231 4748
20090101 4749
20090102 4750
20090103 4751
20090104 4752
20090105 4753
20090106 4754
20090107 4755
20090108 4756
20090109 4757
20090110 4758
20090111 4759
20090112 4760
20090113 4761
20090114 4762
20090115 4763
20090116 4764
20090117 4765
20090118 4766
20090119 4767
20090120 4768
20090121 4769
20090122 4770
20090123 4771
20090124 4772
20090125 4773
20090126 4774
20090127 4775
20090128 4776
20090129 4777
20090130 4778
20090131 4779
20090201 4780
20090202 4781
20090203 4782
20090204 4783
20090205 4784
20090206 4785
20090207 4786
20090208 4787
20090209 4788
20090210 4789
20090211 4790
20090212 4791
20090213 4792
20090214 4793
20090215 4794
20090216 4795
20090217 4796
20090218 4797
20090219 4798
20090220 4799
20090221 4800
20090222 4801
20090223 4802
20090224 4803
20090225 4804
20090226 4805
20090227 4806
20090228 4807
20090301 4808
20090302 4809
20090303 4810
20090304 4811
20090305 4812
20090306 4813
20090307 4814
20090308 4815
20090309 4816
20090310 4817
20090311 4818
20090312 4819
20090313 4820
20090314 4821
20090315 4822
20090316 4823
20090317 4824
20090318 4825
20090319 4826
20090320 4827
20090321 4828
20090322 4829
20090323 4830
20090324 4831
20090325 4832
20090326 4833
20090327 4834
20090328 4835
20090329 4836
20090330 4837
20090331 4838
20090401 4839
20090402 4840
20090403 4841
20090404 4842
20090405 4843
20090406 4844
20090407 4845
20090408 4846
20090409 4847
20090410 4848
20090411 4849
20090412 4850
20090413 4851
20090414 4852
20090415 4853
20090416 4854
20090417 4855
20090418 4856
20090419 4857
20090420 4858
20090421 4859
20090422 4860
20090423 4861
20090424 4862
20090425 4863
20090426 4864
20090427 4865
20090428 4866
20090429 4867
20090430 4868
20090501 4869
20090502 4870
20090503 4871
20090504 4872
20090505 4873
20090506 4874
20090507 4875
20090508 4876
20090509 4877
20090510 4878
20090511 4879
20090512 4880
20090513 4881
20090514 4882
20090515 4883
20090516 4884
20090517 4885
20090518 4886
20090519 4887
20090520 4888
20090521 4889
20090522 4890
20090523 4891
20090524 4892
20090525 4893
20090526 4894
20090527 4895
20090528 4896
20090529 4897
20090530 4898
20090531 4899
20090601 4900
20090602 4901
20090603 4902
20090604 4903
20090605 4904
20090606 4905
20090607 4906
20090608 4907
20090609 4908
20090610 4909
20090611 4910
20090612 4911
20090613 4912
20090614 4913
20090615 4914
20090616 4915
20090617 4916
20090618 4917
20090619 4918
20090620 4919
20090621 4920
20090622 4921
20090623 4922
20090624 4923
20090625 4924
20090626 4925
20090627 4926
20090628 4927
20090629 4928
20090630 4929
20090701 4930
20090702 4931
20090703 4932
20090704 4933
20090705 4934
20090706 4935
20090707 4936
20090708 4937
20090709 4938
20090710 4939
20090711 4940
20090712 4941
20090713 4942
20090714 4943
20090715 4944
20090716 4945
20090717 4946
20090718 4947
20090719 4948
20090720 4949
20090721 4950
20090722 4951
20090723 4952
20090724 4953
20090725 4954
20090726 4955
20090727 4956
20090728 4957
20090729 4958
20090730 4959
20090731 4960
20090801 4961
20090802 4962
20090803 4963
20090804 4964
20090805 4965
20090806 4966
20090807 4967
20090808 4968
20090809 4969
20090810 4970
20090811 4971
20090812 4972
20090813 4973
20090814 4974
20090815 4975
20090816 4976
20090817 4977
20090818 4978
20090819 4979
20090820 4980
20090821 4981
20090822 4982
20090823 4983
20090824 4984
20090825 4985
20090826 4986
20090827 4987
20090828 4988
20090829 4989
20090830 4990
20090831 4991
20090901 4992
20090902 4993
20090903 4994
20090904 4995
20090905 4996
20090906 4997
20090907 4998
20090908 4999
20090909 5000
20090910 5001
20090911 5002
20090912 5003
20090913 5004
20090914 5005
20090915 5006
20090916 5007
20090917 5008
20090918 5009
20090919 5010
20090920 5011
20090921 5012
20090922 5013
20090923 5014
20090924 5015
20090925 5016
20090926 5017
20090927 5018
20090928 5019
20090929 5020
20090930 5021
20091001 5022
20091002 5023
20091003 5024
20091004 5025
20091005 5026
20091006 5027
20091007 5028
20091008 5029
20091009 5030
20091010 5031
20091011 5032
20091012 5033
20091013 5034
20091014 5035
20091015 5036
20091016 5037
20091017 5038
20091018 5039
20091019 5040
20091020 5041
20091021 5042
20091022 5043
20091023 5044
20091024 5045
20091025 5046
20091026 5047
20091027 5048
20091028 5049
20091029 5050
20091030 5051
20091031 5052
20091101 5053
20091102 5054
20091103 5055
20091104 5056
20091105 5057
20091106 5058
20091107 5059
20091108 5060
20091109 5061
20091110 5062
20091111 5063
20091112 5064
20091113 5065
20091114 5066
20091115 5067
20091116 5068
20091117 5069
20091118 5070
20091119 5071
20091120 5072
20091121 5073
20091122 5074
20091123 5075
20091124 5076
20091125 5077
20091126 5078
20091127 5079
20091128 5080
20091129 5081
20091130 5082
20091201 5083
20091202 5084
20091203 5085
20091204 5086
20091205 5087
20091206 5088
20091207 5089
20091208 5090
20091209 5091
20091210 5092
20091211 5093
20091212 5094
20091213 5095
20091214 5096
20091215 5097
20091216 5098
20091217 5099
20091218 5100
20091219 5101
20091220 5102
20091221 5103
20091222 5104
20091223 5105
20091224 5106
20091225 5107
20091226 5108
20091227 5109
20091228 5110
20091229 5111
20091230 5112
20091231 5113
20100101 5114
20100102 5115
20100103 5116
20100104 5117
20100105 5118
20100106 5119
20100107 5120
20100108 5121
20100109 5122
20100110 5123
20100111 5124
20100112 5125
20100113 5126
20100114 5127
20100115 5128
20100116 5129
20100117 5130
20100118 5131
20100119 5132
20100120 5133
20100121 5134
20100122 5135
20100123 5136
20100124 5137
20100125 5138
20100126 5139
20100127 5140
20100128 5141
20100129 5142
20100130 5143
20100131 5144
20100201 5145
20100202 5146
20100203 5147
20100204 5148
20100205 5149
20100206 5150
20100207 5151
20100208 5152
20100209 5153
20100210 5154
20100211 5155
20100212 5156
20100213 5157
20100214 5158
20100215 5159
20100216 5160
20100217 5161
20100218 5162
20100219 5163
20100220 5164
20100221 5165
20100222 5166
20100223 5167
20100224 5168
20100225 5169
20100226 5170
20100227 5171
20100228 5172
20100301 5173
20100302 5174
20100303 5175
20100304 5176
20100305 5177
20100306 5178
20100307 5179
20100308 5180
20100309 5181
20100310 5182
20100311 5183
20100312 5184
20100313 5185
20100314 5186
20100315 5187
20100316 5188
20100317 5189
20100318 5190
20100319 5191
20100320 5192
20100321 5193
20100322 5194
20100323 5195
20100324 5196
20100325 5197
20100326 5198
20100327 5199
20100328 5200
20100329 5201
20100330 5202
20100331 5203
20100401 5204
20100402 5205
20100403 5206
20100404 5207
20100405 5208
20100406 5209
20100407 5210
20100408 5211
20100409 5212
20100410 5213
20100411 5214
20100412 5215
20100413 5216
20100414 5217
20100415 5218
20100416 5219
20100417 5220
20100418 5221
20100419 5222
20100420 5223
20100421 5224
20100422 5225
20100423 5226
20100424 5227
20100425 5228
20100426 5229
20100427 5230
20100428 5231
20100429 5232
20100430 5233
20100501 5234
20100502 5235
20100503 5236
20100504 5237
20100505 5238
20100506 5239
20100507 5240
20100508 5241
20100509 5242
20100510 5243
20100511 5244
20100512 5245
20100513 5246
20100514 5247
20100515 5248
20100516 5249
20100517 5250
20100518 5251
20100519 5252
20100520 5253
20100521 5254
20100522 5255
20100523 5256
20100524 5257
20100525 5258
20100526 5259
20100527 5260
20100528 5261
20100529 5262
20100530 5263
20100531 5264
20100601 5265
20100602 5266
20100603 5267
20100604 5268
20100605 5269
20100606 5270
20100607 5271
20100608 5272
20100609 5273
20100610 5274
20100611 5275
20100612 5276
20100613 5277
20100614 5278
20100615 5279
20100616 5280
20100617 5281
20100618 5282
20100619 5283
20100620 5284
20100621 5285
20100622 5286
20100623 5287
20100624 5288
20100625 5289
20100626 5290
20100627 5291
20100628 5292
20100629 5293
20100630 5294
20100701 5295
20100702 5296
20100703 5297
20100704 5298
20100705 5299
20100706 5300
20100707 5301
20100708 5302
20100709 5303
20100710 5304
20100711 5305
20100712 5306
20100713 5307
20100714 5308
20100715 5309
20100716 5310
20100717 5311
20100718 5312
20100719 5313
20100720 5314
20100721 5315
20100722 5316
20100723 5317
20100724 5318
20100725 5319
20100726 5320
20100727 5321
20100728 5322
20100729 5323
20100730 5324
20100731 5325
20100801 5326
20100802 5327
20100803 5328
20100804 5329
20100805 5330
20100806 5331
20100807 5332
20100808 5333
20100809 5334
20100810 5335
20100811 5336
20100812 5337
20100813 5338
20100814 5339
20100815 5340
20100816 5341
20100817 5342
20100818 5343
20100819 5344
20100820 5345
20100821 5346
20100822 5347
20100823 5348
20100824 5349
20100825 5350
20100826 5351
20100827 5352
20100828 5353
20100829 5354
20100830 5355
20100831 5356
20100901 5357
20100902 5358
20100903 5359
20100904 5360
20100905 5361
20100906 5362
20100907 5363
20100908 5364
20100909 5365
20100910 5366
20100911 5367
20100912 5368
20100913 5369
20100914 5370
20100915 5371
20100916 5372
20100917 5373
20100918 5374
20100919 5375
20100920 5376
20100921 5377
20100922 5378
20100923 5379
20100924 5380
20100925 5381
20100926 5382
20100927 5383
20100928 5384
20100929 5385
20100930 5386
20101001 5387
20101002 5388
20101003 5389
20101004 5390
20101005 5391
20101006 5392
20101007 5393
20101008 5394
20101009 5395
20101010 5396
20101011 5397
20101012 5398
20101013 5399
20101014 5400
20101015 5401
20101016 5402
20101017 5403
20101018 5404
20101019 5405
20101020 5406
20101021 5407
20101022 5408
20101023 5409
20101024 5410
20101025 5411
20101026 5412
20101027 5413
20101028 5414
20101029 5415
20101030 5416
20101031 5417
20101101 5418
20101102 5419
20101103 5420
20101104 5421
20101105 5422
20101106 5423
20101107 5424
20101108 5425
20101109 5426
20101110 5427
20101111 5428
20101112 5429
20101113 5430
20101114 5431
20101115 5432
20101116 5433
20101117 5434
20101118 5435
20101119 5436
20101120 5437
20101121 5438
20101122 5439
20101123 5440
20101124 5441
20101125 5442
20101126 5443
20101127 5444
20101128 5445
20101129 5446
20101130 5447
20101201 5448
20101202 5449
20101203 5450
20101204 5451
20101205 5452
20101206 5453
20101207 5454
20101208 5455
20101209 5456
20101210 5457
20101211 5458
20101212 5459
20101213 5460
20101214 5461
20101215 5462
20101216 5463
20101217 5464
20101218 5465
20101219 5466
20101220 5467
20101221 5468
20101222 5469
20101223 5470
20101224 5471
20101225 5472
20101226 5473
20101227 5474
20101228 5475
20101229 5476
20101230 5477
20101231 5478
20110101 5479
20110102 5480
20110103 5481
20110104 5482
20110105 5483
20110106 5484
20110107 5485
20110108 5486
20110109 5487
20110110 5488
20110111 5489
20110112 5490
20110113 5491
20110114 5492
20110115 5493
20110116 5494
20110117 5495
20110118 5496
20110119 5497
20110120 5498
20110121 5499
20110122 5500
20110123 5501
20110124 5502
20110125 5503
20110126 5504
20110127 5505
20110128 5506
20110129 5507
20110130 5508
20110131 5509
20110201 5510
20110202 5511
20110203 5512
20110204 5513
20110205 5514
20110206 5515
20110207 5516
20110208 5517
20110209 5518
20110210 5519
20110211 5520
20110212 5521
20110213 5522
20110214 5523
20110215 5524
20110216 5525
20110217 5526
20110218 5527
20110219 5528
20110220 5529
20110221 5530
20110222 5531
20110223 5532
20110224 5533
20110225 5534
20110226 5535
20110227 5536
20110228 5537
20110301 5538
20110302 5539
20110303 5540
20110304 5541
20110305 5542
20110306 5543
20110307 5544
20110308 5545
20110309 5546
20110310 5547
20110311 5548
20110312 5549
20110313 5550
20110314 5551
20110315 5552
20110316 5553
20110317 5554
20110318 5555
20110319 5556
20110320 5557
20110321 5558
20110322 5559
20110323 5560
20110324 5561
20110325 5562
20110326 5563
20110327 5564
20110328 5565
20110329 5566
20110330 5567
20110331 5568
20110401 5569
20110402 5570
20110403 5571
20110404 5572
20110405 5573
20110406 5574
20110407 5575
20110408 5576
20110409 5577
20110410 5578
20110411 5579
20110412 5580
20110413 5581
20110414 5582
20110415 5583
20110416 5584
20110417 5585
20110418 5586
20110419 5587
20110420 5588
20110421 5589
20110422 5590
20110423 5591
20110424 5592
20110425 5593
20110426 5594
20110427 5595
20110428 5596
20110429 5597
20110430 5598
20110501 5599
20110502 5600
20110503 5601
20110504 5602
20110505 5603
20110506 5604
20110507 5605
20110508 5606
20110509 5607
20110510 5608
20110511 5609
20110512 5610
20110513 5611
20110514 5612
20110515 5613
20110516 5614
20110517 5615
20110518 5616
20110519 5617
20110520 5618
20110521 5619
20110522 5620
20110523 5621
20110524 5622
20110525 5623
20110526 5624
20110527 5625
20110528 5626
20110529 5627
20110530 5628
20110531 5629
20110601 5630
20110602 5631
20110603 5632
20110604 5633
20110605 5634
20110606 5635
20110607 5636
20110608 5637
20110609 5638
20110610 5639
20110611 5640
20110612 5641
20110613 5642
20110614 5643
20110615 5644
20110616 5645
20110617 5646
20110618 5647
20110619 5648
20110620 5649
20110621 5650
20110622 5651
20110623 5652
20110624 5653
20110625 5654
20110626 5655
20110627 5656
20110628 5657
20110629 5658
20110630 5659
20110701 5660
20110702 5661
20110703 5662
20110704 5663
20110705 5664
20110706 5665
20110707 5666
20110708 5667
20110709 5668
20110710 5669
20110711 5670
20110712 5671
20110713 5672
20110714 5673
20110715 5674
20110716 5675
20110717 5676
20110718 5677
20110719 5678
20110720 5679
20110721 5680
20110722 5681
20110723 5682
20110724 5683
20110725 5684
20110726 5685
20110727 5686
20110728 5687
20110729 5688
20110730 5689
20110731 5690
20110801 5691
20110802 5692
20110803 5693
20110804 5694
20110805 5695
20110806 5696
20110807 5697
20110808 5698
20110809 5699
20110810 5700
20110811 5701
20110812 5702
20110813 5703
20110814 5704
20110815 5705
20110816 5706
20110817 5707
20110818 5708
20110819 5709
20110820 5710
20110821 5711
20110822 5712
20110823 5713
20110824 5714
20110825 5715
20110826 5716
20110827 5717
20110828 5718
20110829 5719
20110830 5720
20110831 5721
20110901 5722
20110902 5723
20110903 5724
20110904 5725
20110905 5726
20110906 5727
20110907 5728
20110908 5729
20110909 5730
20110910 5731
20110911 5732
20110912 5733
20110913 5734
20110914 5735
20110915 5736
20110916 5737
20110917 5738
20110918 5739
20110919 5740
20110920 5741
20110921 5742
20110922 5743
20110923 5744
20110924 5745
20110925 5746
20110926 5747
20110927 5748
20110928 5749
20110929 5750
20110930 5751
20111001 5752
20111002 5753
20111003 5754
20111004 5755
20111005 5756
20111006 5757
20111007 5758
20111008 5759
20111009 5760
20111010 5761
20111011 5762
20111012 5763
20111013 5764
20111014 5765
20111015 5766
20111016 5767
20111017 5768
20111018 5769
20111019 5770
20111020 5771
20111021 5772
20111022 5773
20111023 5774
20111024 5775
20111025 5776
20111026 5777
20111027 5778
20111028 5779
20111029 5780
20111030 5781
20111031 5782
20111101 5783
20111102 5784
20111103 5785
20111104 5786
20111105 5787
20111106 5788
20111107 5789
20111108 5790
20111109 5791
20111110 5792
20111111 5793
20111112 5794
20111113 5795
20111114 5796
20111115 5797
20111116 5798
20111117 5799
20111118 5800
20111119 5801
20111120 5802
20111121 5803
20111122 5804
20111123 5805
20111124 5806
20111125 5807
20111126 5808
20111127 5809
20111128 5810
20111129 5811
20111130 5812
20111201 5813
20111202 5814
20111203 5815
20111204 5816
20111205 5817
20111206 5818
20111207 5819
20111208 5820
20111209 5821
20111210 5822
20111211 5823
20111212 5824
20111213 5825
20111214 5826
20111215 5827
20111216 5828
20111217 5829
20111218 5830
20111219 5831
20111220 5832
20111221 5833
20111222 5834
20111223 5835
20111224 5836
20111225 5837
20111226 5838
20111227 5839
20111228 5840
20111229 5841
20111230 5842
20111231 5843
20120101 5844
20120102 5845
20120103 5846
20120104 5847
20120105 5848
20120106 5849
20120107 5850
20120108 5851
20120109 5852
20120110 5853
20120111 5854
20120112 5855
20120113 5856
20120114 5857
20120115 5858
20120116 5859
20120117 5860
20120118 5861
20120119 5862
20120120 5863
20120121 5864
20120122 5865
20120123 5866
20120124 5867
20120125 5868
20120126 5869
20120127 5870
20120128 5871
20120129 5872
20120130 5873
20120131 5874
20120201 5875
20120202 5876
20120203 5877
20120204 5878
20120205 5879
20120206 5880
20120207 5881
20120208 5882
20120209 5883
20120210 5884
20120211 5885
20120212 5886
20120213 5887
20120214 5888
20120215 5889
20120216 5890
20120217 5891
20120218 5892
20120219 5893
20120220 5894
20120221 5895
20120222 5896
20120223 5897
20120224 5898
20120225 5899
20120226 5900
20120227 5901
20120228 5902
20120229 5903
20120301 5904
20120302 5905
20120303 5906
20120304 5907
20120305 5908
20120306 5909
20120307 5910
20120308 5911
20120309 5912
20120310 5913
20120311 5914
20120312 5915
20120313 5916
20120314 5917
20120315 5918
20120316 5919
20120317 5920
20120318 5921
20120319 5922
20120320 5923
20120321 5924
20120322 5925
20120323 5926
20120324 5927
20120325 5928
20120326 5929
20120327 5930
20120328 5931
20120329 5932
20120330 5933
20120331 5934
20120401 5935
20120402 5936
20120403 5937
20120404 5938
20120405 5939
20120406 5940
20120407 5941
20120408 5942
20120409 5943
20120410 5944
20120411 5945
20120412 5946
20120413 5947
20120414 5948
20120415 5949
20120416 5950
20120417 5951
20120418 5952
20120419 5953
20120420 5954
20120421 5955
20120422 5956
20120423 5957
20120424 5958
20120425 5959
20120426 5960
20120427 5961
20120428 5962
20120429 5963
20120430 5964
20120501 5965
20120502 5966
20120503 5967
20120504 5968
20120505 5969
20120506 5970
20120507 5971
20120508 5972
20120509 5973
20120510 5974
20120511 5975
20120512 5976
20120513 5977
20120514 5978
20120515 5979
20120516 5980
20120517 5981
20120518 5982
20120519 5983
20120520 5984
20120521 5985
20120522 5986
20120523 5987
20120524 5988
20120525 5989
20120526 5990
20120527 5991
20120528 5992
20120529 5993
20120530 5994
20120531 5995
20120601 5996
20120602 5997
20120603 5998
20120604 5999
20120605 6000
20120606 6001
20120607 6002
20120608 6003
20120609 6004
20120610 6005
20120611 6006
20120612 6007
20120613 6008
20120614 6009
20120615 6010
20120616 6011
20120617 6012
20120618 6013
20120619 6014
20120620 6015
20120621 6016
20120622 6017
20120623 6018
20120624 6019
20120625 6020
20120626 6021
20120627 6022
20120628 6023
20120629 6024
20120630 6025
20120701 6026
20120702 6027
20120703 6028
20120704 6029
20120705 6030
20120706 6031
20120707 6032
20120708 6033
20120709 6034
20120710 6035
20120711 6036
20120712 6037
20120713 6038
20120714 6039
20120715 6040
20120716 6041
20120717 6042
20120718 6043
20120719 6044
20120720 6045
20120721 6046
20120722 6047
20120723 6048
20120724 6049
20120725 6050
20120726 6051
20120727 6052
20120728 6053
20120729 6054
20120730 6055
20120731 6056
20120801 6057
20120802 6058
20120803 6059
20120804 6060
20120805 6061
20120806 6062
20120807 6063
20120808 6064
20120809 6065
20120810 6066
20120811 6067
20120812 6068
20120813 6069
20120814 6070
20120815 6071
20120816 6072
20120817 6073
20120818 6074
20120819 6075
20120820 6076
20120821 6077
20120822 6078
20120823 6079
20120824 6080
20120825 6081
20120826 6082
20120827 6083
20120828 6084
20120829 6085
20120830 6086
20120831 6087
20120901 6088
20120902 6089
20120903 6090
20120904 6091
20120905 6092
20120906 6093
20120907 6094
20120908 6095
20120909 6096
20120910 6097
20120911 6098
20120912 6099
20120913 6100
20120914 6101
20120915 6102
20120916 6103
20120917 6104
20120918 6105
20120919 6106
20120920 6107
20120921 6108
20120922 6109
20120923 6110
20120924 6111
20120925 6112
20120926 6113
20120927 6114
20120928 6115
20120929 6116
20120930 6117
20121001 6118
20121002 6119
20121003 6120
20121004 6121
20121005 6122
20121006 6123
20121007 6124
20121008 6125
20121009 6126
20121010 6127
20121011 6128
20121012 6129
20121013 6130
20121014 6131
20121015 6132
20121016 6133
20121017 6134
20121018 6135
20121019 6136
20121020 6137
20121021 6138
20121022 6139
20121023 6140
20121024 6141
20121025 6142
20121026 6143
20121027 6144
20121028 6145
20121029 6146
20121030 6147
20121031 6148
20121101 6149
20121102 6150
20121103 6151
20121104 6152
20121105 6153
20121106 6154
20121107 6155
20121108 6156
20121109 6157
20121110 6158
20121111 6159
20121112 6160
20121113 6161
20121114 6162
20121115 6163
20121116 6164
20121117 6165
20121118 6166
20121119 6167
20121120 6168
20121121 6169
20121122 6170
20121123 6171
20121124 6172
20121125 6173
20121126 6174
20121127 6175
20121128 6176
20121129 6177
20121130 6178
20121201 6179
20121202 6180
20121203 6181
20121204 6182
20121205 6183
20121206 6184
20121207 6185
20121208 6186
20121209 6187
20121210 6188
20121211 6189
20121212 6190
20121213 6191
20121214 6192
20121215 6193
20121216 6194
20121217 6195
20121218 6196
20121219 6197
20121220 6198
20121221 6199
20121222 6200
20121223 6201
20121224 6202
20121225 6203
20121226 6204
20121227 6205
20121228 6206
20121229 6207
20121230 6208
20121231 6209
20130101 6210
20130102 6211
20130103 6212
20130104 6213
20130105 6214
20130106 6215
20130107 6216
20130108 6217
20130109 6218
20130110 6219
20130111 6220
20130112 6221
20130113 6222
20130114 6223
20130115 6224
20130116 6225
20130117 6226
20130118 6227
20130119 6228
20130120 6229
20130121 6230
20130122 6231
20130123 6232
20130124 6233
20130125 6234
20130126 6235
20130127 6236
20130128 6237
20130129 6238
20130130 6239
20130131 6240
20130201 6241
20130202 6242
20130203 6243
20130204 6244
20130205 6245
20130206 6246
20130207 6247
20130208 6248
20130209 6249
20130210 6250
20130211 6251
20130212 6252
20130213 6253
20130214 6254
20130215 6255
20130216 6256
20130217 6257
20130218 6258
20130219 6259
20130220 6260
20130221 6261
20130222 6262
20130223 6263
20130224 6264
20130225 6265
20130226 6266
20130227 6267
20130228 6268
20130301 6269
20130302 6270
20130303 6271
20130304 6272
20130305 6273
20130306 6274
20130307 6275
20130308 6276
20130309 6277
20130310 6278
20130311 6279
20130312 6280
20130313 6281
20130314 6282
20130315 6283
20130316 6284
20130317 6285
20130318 6286
20130319 6287
20130320 6288
20130321 6289
20130322 6290
20130323 6291
20130324 6292
20130325 6293
20130326 6294
20130327 6295
20130328 6296
20130329 6297
20130330 6298
20130331 6299
20130401 6300
20130402 6301
20130403 6302
20130404 6303
20130405 6304
20130406 6305
20130407 6306
20130408 6307
20130409 6308
20130410 6309
20130411 6310
20130412 6311
20130413 6312
20130414 6313
20130415 6314
20130416 6315
20130417 6316
20130418 6317
20130419 6318
20130420 6319
20130421 6320
20130422 6321
20130423 6322
20130424 6323
20130425 6324
20130426 6325
20130427 6326
20130428 6327
20130429 6328
20130430 6329
20130501 6330
20130502 6331
20130503 6332
20130504 6333
20130505 6334
20130506 6335
20130507 6336
20130508 6337
20130509 6338
20130510 6339
20130511 6340
20130512 6341
20130513 6342
20130514 6343
20130515 6344
20130516 6345
20130517 6346
20130518 6347
20130519 6348
20130520 6349
20130521 6350
20130522 6351
20130523 6352
20130524 6353
20130525 6354
20130526 6355
20130527 6356
20130528 6357
20130529 6358
20130530 6359
20130531 6360
20130601 6361
20130602 6362
20130603 6363
20130604 6364
20130605 6365
20130606 6366
20130607 6367
20130608 6368
20130609 6369
20130610 6370
20130611 6371
20130612 6372
20130613 6373
20130614 6374
20130615 6375
20130616 6376
20130617 6377
20130618 6378
20130619 6379
20130620 6380
20130621 6381
20130622 6382
20130623 6383
20130624 6384
20130625 6385
20130626 6386
20130627 6387
20130628 6388
20130629 6389
20130630 6390
20130701 6391
20130702 6392
20130703 6393
20130704 6394
20130705 6395
20130706 6396
20130707 6397
20130708 6398
20130709 6399
20130710 6400
20130711 6401
20130712 6402
20130713 6403
20130714 6404
20130715 6405
20130716 6406
20130717 6407
20130718 6408
20130719 6409
20130720 6410
20130721 6411
20130722 6412
20130723 6413
20130724 6414
20130725 6415
20130726 6416
20130727 6417
20130728 6418
20130729 6419
20130730 6420
20130731 6421
20130801 6422
20130802 6423
20130803 6424
20130804 6425
20130805 6426
20130806 6427
20130807 6428
20130808 6429
20130809 6430
20130810 6431
20130811 6432
20130812 6433
20130813 6434
20130814 6435
20130815 6436
20130816 6437
20130817 6438
20130818 6439
20130819 6440
20130820 6441
20130821 6442
20130822 6443
20130823 6444
20130824 6445
20130825 6446
20130826 6447
20130827 6448
20130828 6449
20130829 6450
20130830 6451
20130831 6452
20130901 6453
20130902 6454
20130903 6455
20130904 6456
20130905 6457
20130906 6458
20130907 6459
20130908 6460
20130909 6461
20130910 6462
20130911 6463
20130912 6464
20130913 6465
20130914 6466
20130915 6467
20130916 6468
20130917 6469
20130918 6470
20130919 6471
20130920 6472
20130921 6473
20130922 6474
20130923 6475
20130924 6476
20130925 6477
20130926 6478
20130927 6479
20130928 6480
20130929 6481
20130930 6482
20131001 6483
20131002 6484
20131003 6485
20131004 6486
20131005 6487
20131006 6488
20131007 6489
20131008 6490
20131009 6491
20131010 6492
20131011 6493
20131012 6494
20131013 6495
20131014 6496
20131015 6497
20131016 6498
20131017 6499
20131018 6500
20131019 6501
20131020 6502
20131021 6503
20131022 6504
20131023 6505
20131024 6506
20131025 6507
20131026 6508
20131027 6509
20131028 6510
20131029 6511
20131030 6512
20131031 6513
20131101 6514
20131102 6515
20131103 6516
20131104 6517
20131105 6518
20131106 6519
20131107 6520
20131108 6521
20131109 6522
20131110 6523
20131111 6524
20131112 6525
20131113 6526
20131114 6527
20131115 6528
20131116 6529
20131117 6530
20131118 6531
20131119 6532
20131120 6533
20131121 6534
20131122 6535
20131123 6536
20131124 6537
20131125 6538
20131126 6539
20131127 6540
20131128 6541
20131129 6542
20131130 6543
20131201 6544
20131202 6545
20131203 6546
20131204 6547
20131205 6548
20131206 6549
20131207 6550
20131208 6551
20131209 6552
20131210 6553
20131211 6554
20131212 6555
20131213 6556
20131214 6557
20131215 6558
20131216 6559
20131217 6560
20131218 6561
20131219 6562
20131220 6563
20131221 6564
20131222 6565
20131223 6566
20131224 6567
20131225 6568
20131226 6569
20131227 6570
20131228 6571
20131229 6572
20131230 6573
20131231 6574
20140101 6575
20140102 6576
20140103 6577
20140104 6578
20140105 6579
20140106 6580
20140107 6581
20140108 6582
20140109 6583
20140110 6584
20140111 6585
20140112 6586
20140113 6587
20140114 6588
20140115 6589
20140116 6590
20140117 6591
20140118 6592
20140119 6593
20140120 6594
20140121 6595
20140122 6596
20140123 6597
20140124 6598
20140125 6599
20140126 6600
20140127 6601
20140128 6602
20140129 6603
20140130 6604
20140131 6605
20140201 6606
20140202 6607
20140203 6608
20140204 6609
20140205 6610
20140206 6611
20140207 6612
20140208 6613
20140209 6614
20140210 6615
20140211 6616
20140212 6617
20140213 6618
20140214 6619
20140215 6620
20140216 6621
20140217 6622
20140218 6623
20140219 6624
20140220 6625
20140221 6626
20140222 6627
20140223 6628
20140224 6629
20140225 6630
20140226 6631
20140227 6632
20140228 6633
20140301 6634
20140302 6635
20140303 6636
20140304 6637
20140305 6638
20140306 6639
20140307 6640
20140308 6641
20140309 6642
20140310 6643
20140311 6644
20140312 6645
20140313 6646
20140314 6647
20140315 6648
20140316 6649
20140317 6650
20140318 6651
20140319 6652
20140320 6653
20140321 6654
20140322 6655
20140323 6656
20140324 6657
20140325 6658
20140326 6659
20140327 6660
20140328 6661
20140329 6662
20140330 6663
20140331 6664
20140401 6665
20140402 6666
20140403 6667
20140404 6668
20140405 6669
20140406 6670
20140407 6671
20140408 6672
20140409 6673
20140410 6674
20140411 6675
20140412 6676
20140413 6677
20140414 6678
20140415 6679
20140416 6680
20140417 6681
20140418 6682
20140419 6683
20140420 6684
20140421 6685
20140422 6686
20140423 6687
20140424 6688
20140425 6689
20140426 6690
20140427 6691
20140428 6692
20140429 6693
20140430 6694
20140501 6695
20140502 6696
20140503 6697
20140504 6698
20140505 6699
20140506 6700
20140507 6701
20140508 6702
20140509 6703
20140510 6704
20140511 6705
20140512 6706
20140513 6707
20140514 6708
20140515 6709
20140516 6710
20140517 6711
20140518 6712
20140519 6713
20140520 6714
20140521 6715
20140522 6716
20140523 6717
20140524 6718
20140525 6719
20140526 6720
20140527 6721
20140528 6722
20140529 6723
20140530 6724
20140531 6725
20140601 6726
20140602 6727
20140603 6728
20140604 6729
20140605 6730
20140606 6731
20140607 6732
20140608 6733
20140609 6734
20140610 6735
20140611 6736
20140612 6737
20140613 6738
20140614 6739
20140615 6740
20140616 6741
20140617 6742
20140618 6743
20140619 6744
20140620 6745
20140621 6746
20140622 6747
20140623 6748
20140624 6749
20140625 6750
20140626 6751
20140627 6752
20140628 6753
20140629 6754
20140630 6755
20140701 6756
20140702 6757
20140703 6758
20140704 6759
20140705 6760
20140706 6761
20140707 6762
20140708 6763
20140709 6764
20140710 6765
20140711 6766
20140712 6767
20140713 6768
20140714 6769
20140715 6770
20140716 6771
20140717 6772
20140718 6773
20140719 6774
20140720 6775
20140721 6776
20140722 6777
20140723 6778
20140724 6779
20140725 6780
20140726 6781
20140727 6782
20140728 6783
20140729 6784
20140730 6785
20140731 6786
20140801 6787
20140802 6788
20140803 6789
20140804 6790
20140805 6791
20140806 6792
20140807 6793
20140808 6794
20140809 6795
20140810 6796
20140811 6797
20140812 6798
20140813 6799
20140814 6800
20140815 6801
20140816 6802
20140817 6803
20140818 6804
20140819 6805
20140820 6806
20140821 6807
20140822 6808
20140823 6809
20140824 6810
20140825 6811
20140826 6812
20140827 6813
20140828 6814
20140829 6815
20140830 6816
20140831 6817
20140901 6818
20140902 6819
20140903 6820
20140904 6821
20140905 6822
20140906 6823
20140907 6824
20140908 6825
20140909 6826
20140910 6827
20140911 6828
20140912 6829
20140913 6830
20140914 6831
20140915 6832
20140916 6833
20140917 6834
20140918 6835
20140919 6836
20140920 6837
20140921 6838
20140922 6839
20140923 6840
20140924 6841
20140925 6842
20140926 6843
20140927 6844
20140928 6845
20140929 6846
20140930 6847
20141001 6848
20141002 6849
20141003 6850
20141004 6851
